# mass(g) temperature(K) clouds reduced_chi_squared
1.194e+28 300 None 102220469.68698709
1.194e+28 400 None 1608945373.439841
1.194e+28 500 None 1475407199.7735355
1.194e+28 600 None 43316932076.61611
1.194e+28 700 None 1393868250.655622
1.194e+28 800 None 212822599.7347292
1.194e+28 900 None 221456778.9517285
1.194e+28 1000 None 15624381.81112408
1.194e+28 1100 None 2290493.406861697
1.194e+28 1200 None 146666.0205515317
1.194e+28 1300 None 12057.816145238183
1.194e+28 1400 None 2293.0146806214143
1.194e+28 1500 None 2577.095958541803
1.194e+28 1600 None 2576.3802371691845
1.194e+28 1700 None 2577.1745675185207
1.194e+28 1800 None 2577.4175214921434
1.194e+28 1900 None 2577.4175175363807
1.194e+28 2000 None 2577.4175215021273
2.388e+28 300 None 1150.9061926904676
2.388e+28 400 None 591.7398335422205
2.388e+28 500 None 386116.550551255
2.388e+28 600 None 1273030924.5132468
2.388e+28 700 None 9513401988049.275
2.388e+28 800 None 9734057357.031921
2.388e+28 900 None 445632763.2601737
2.388e+28 1000 None 2506992036.479106
2.388e+28 1100 None 603781442.2246892
2.388e+28 1200 None 1158516462.4713724
2.388e+28 1300 None 45432322.97303268
2.388e+28 1400 None 6249429.704093767
2.388e+28 1500 None 453790.7553676638
2.388e+28 1600 None 15122.280055370342
2.388e+28 1700 None 2475.8280141915866
2.388e+28 1800 None 2577.20194673387
2.388e+28 1900 None 2577.408163229619
2.388e+28 2000 None 2577.417078069234
3.5820000000000003e+28 300 None 1606.9121194920465
3.5820000000000003e+28 400 None 1033.4305836926098
3.5820000000000003e+28 500 None 324.12162531808957
3.5820000000000003e+28 600 None 1411.2283509149665
3.5820000000000003e+28 700 None 71418.94309978584
3.5820000000000003e+28 800 None 53324829253.15733
3.5820000000000003e+28 900 None 4110377676.8626823
3.5820000000000003e+28 1000 None 32412059971.669827
3.5820000000000003e+28 1100 None 939926487.3952482
3.5820000000000003e+28 1200 None 10276268455.516119
3.5820000000000003e+28 1300 None 6971219665.216067
3.5820000000000003e+28 1400 None 498838721.2699853
3.5820000000000003e+28 1500 None 362565375.984387
3.5820000000000003e+28 1600 None 59807666.30037113
3.5820000000000003e+28 1700 None 6283975.930137257
3.5820000000000003e+28 1800 None 2589.1086239128886
3.5820000000000003e+28 1900 None 28688.947877675
3.5820000000000003e+28 2000 None 2385.8868261492626
4.776e+28 300 None 1838.755875553412
4.776e+28 400 None 1440.391294528254
4.776e+28 500 None 918.6624529032557
4.776e+28 600 None 311.0327554631469
4.776e+28 700 None 152.14285198920797
4.776e+28 800 None 4050.6596953663716
4.776e+28 900 None 53374.4987137886
4.776e+28 1000 None 2788403.9078027382
4.776e+28 1100 None 17751664585.781334
4.776e+28 1200 None 6768094520.589778
4.776e+28 1300 None 9205224551.905823
4.776e+28 1400 None 1808425582131.3206
4.776e+28 1500 None 769472671.0510101
4.776e+28 1600 None 4725070663.851763
4.776e+28 1700 None 2922.595922613225
4.776e+28 1800 None 96994225.01786618
4.776e+28 1900 None 685098.6288003466
4.776e+28 2000 None 3966026.3150131516
5.970000000000001e+28 300 None 1979.9053746700595
5.970000000000001e+28 400 None 1674.2843345824976
5.970000000000001e+28 500 None 1289.7869161426645
5.970000000000001e+28 600 None 810.893302880515
5.970000000000001e+28 700 None 307.68424079418037
5.970000000000001e+28 800 None 30.180646814093713
5.970000000000001e+28 900 None 878.3338007160926
5.970000000000001e+28 1000 None 7017.81561884364
5.970000000000001e+28 1100 None 46643.67704115623
5.970000000000001e+28 1200 None 558381.7189794694
5.970000000000001e+28 1300 None 138937746.67923337
5.970000000000001e+28 1400 None 31524053874.20618
5.970000000000001e+28 1500 None 8267145552.6194315
5.970000000000001e+28 1600 None 46663395453.73996
5.970000000000001e+28 1700 None 16807352083.182426
5.970000000000001e+28 1800 None 1661724532.5706136
5.970000000000001e+28 1900 None 2628684029.888503
5.970000000000001e+28 2000 None 1082716680.7931983
7.1640000000000006e+28 300 None 2075.267945376241
7.1640000000000006e+28 400 None 1826.8240298772735
7.1640000000000006e+28 500 None 1524.3691150533014
7.1640000000000006e+28 600 None 1150.9373374732709
7.1640000000000006e+28 700 None 730.1140904238586
7.1640000000000006e+28 800 None 319.240863212647
7.1640000000000006e+28 900 None 49.62501743213253
7.1640000000000006e+28 1000 None 260.82719937969523
7.1640000000000006e+28 1100 None 1987.4020430079545
7.1640000000000006e+28 1200 None 9117.281253460347
7.1640000000000006e+28 1300 None 40579.936872124774
7.1640000000000006e+28 1400 None 250404.35367681846
7.1640000000000006e+28 1500 None 4644339.102540197
7.1640000000000006e+28 1600 None 166074337066.46225
7.1640000000000006e+28 1700 None 5553146471.597221
7.1640000000000006e+28 1800 None 8767607035.90754
7.1640000000000006e+28 1900 None 2975196761.4618917
7.1640000000000006e+28 2000 None 21342422370.785248
8.358e+28 300 None 2144.152020370556
8.358e+28 400 None 1934.5889341761958
8.358e+28 500 None 1685.6755250442448
8.358e+28 600 None 1382.919516518846
8.358e+28 700 None 1040.012610595373
8.358e+28 800 None 682.2600767347798
8.358e+28 900 None 350.0868248696992
8.358e+28 1000 None 106.57086859880624
8.358e+28 1100 None 106.72887850572647
8.358e+28 1200 None 719.1838840745486
8.358e+28 1300 None 2961.257339284388
8.358e+28 1400 None 10077.26396132321
8.358e+28 1500 None 34542.84932061219
8.358e+28 1600 None 145188.46518796272
8.358e+28 1700 None 1068679.982652127
8.358e+28 1800 None 46138718.923049726
8.358e+28 1900 None 306422313517.212
8.358e+28 2000 None 106650298131.53815
9.552e+28 300 None 2196.2982951077943
9.552e+28 400 None 2014.9521072182279
9.552e+28 500 None 1803.5641864625832
9.552e+28 600 None 1549.951535713656
9.552e+28 700 None 1264.4715845187725
9.552e+28 800 None 963.4924599341188
9.552e+28 900 None 667.5821280718437
9.552e+28 1000 None 392.5802503457265
9.552e+28 1100 None 178.06911780327562
9.552e+28 1200 None 96.47554663314486
9.552e+28 1300 None 307.5531863838277
9.552e+28 1400 None 1174.2329669606956
9.552e+28 1500 None 3598.9694750612375
9.552e+28 1600 None 10103.605313266162
9.552e+28 1700 None 28855.34707695319
9.552e+28 1800 None 94338.78712789174
9.552e+28 1900 None 428735.23033247347
9.552e+28 2000 None 4456411.247250709
1.0746000000000001e+29 300 None 2237.1731216922403
1.0746000000000001e+29 400 None 2077.2701774910156
1.0746000000000001e+29 500 None 1893.6036185162734
1.0746000000000001e+29 600 None 1675.787782658253
1.0746000000000001e+29 700 None 1432.5767769020542
1.0746000000000001e+29 800 None 1176.769333856835
1.0746000000000001e+29 900 None 922.5952092877242
1.0746000000000001e+29 1000 None 674.1215007485276
1.0746000000000001e+29 1100 None 446.18873182732403
1.0746000000000001e+29 1200 None 256.38024697005375
1.0746000000000001e+29 1300 None 142.7568872414788
1.0746000000000001e+29 1400 None 183.74508396148968
1.0746000000000001e+29 1500 None 532.2503235880463
1.0746000000000001e+29 1600 None 1519.6286497658225
1.0746000000000001e+29 1700 None 3897.9625062923483
1.0746000000000001e+29 1800 None 9548.834379571308
1.0746000000000001e+29 1900 None 23784.883109020862
1.0746000000000001e+29 2000 None 65264.06181494894
1.1940000000000002e+29 300 None 2270.0883345805196
1.1940000000000002e+29 400 None 2127.04987893625
1.1940000000000002e+29 500 None 1964.6880732658851
1.1940000000000002e+29 600 None 1773.9926255112407
1.1940000000000002e+29 700 None 1562.7196726195423
1.1940000000000002e+29 800 None 1341.7864540493272
1.1940000000000002e+29 900 None 1122.7128678913343
1.1940000000000002e+29 1000 None 905.9390690770512
1.1940000000000002e+29 1100 None 699.1636755560602
1.1940000000000002e+29 1200 None 506.2929528204929
1.1940000000000002e+29 1300 None 337.5107044039194
1.1940000000000002e+29 1400 None 213.62277155488397
1.1940000000000002e+29 1500 None 176.31918010153723
1.1940000000000002e+29 1600 None 301.00174541837123
1.1940000000000002e+29 1700 None 727.8868883281772
1.1940000000000002e+29 1800 None 1741.9678076730775
1.1940000000000002e+29 1900 None 3934.4542341888723
1.1940000000000002e+29 2000 None 8693.654458842931
1.194e+28 300 0.001 101756281.63021477
1.194e+28 400 0.001 1606307901.6276324
1.194e+28 500 0.001 1471936072.091386
1.194e+28 600 0.001 43291627492.91151
1.194e+28 700 0.001 1388522731.2286723
1.194e+28 800 0.001 210561217.6684396
1.194e+28 900 0.001 219551623.4091964
1.194e+28 1000 0.001 15143981.462862654
1.194e+28 1100 0.001 2279856.430116881
1.194e+28 1200 0.001 117313.15102486234
1.194e+28 1300 0.001 7412.918212109347
1.194e+28 1400 0.001 2577.4175215021273
1.194e+28 1500 0.001 2577.4175215021273
1.194e+28 1600 0.001 2577.4175215021273
1.194e+28 1700 0.001 2577.4175215021273
1.194e+28 1800 0.001 2577.4175215021273
1.194e+28 1900 0.001 2577.4175215021273
1.194e+28 2000 0.001 2577.4175215021273
2.388e+28 300 0.001 1877.5950919272511
2.388e+28 400 0.001 677.3338210683473
2.388e+28 500 0.001 367360.1801405787
2.388e+28 600 0.001 1271705913.6516137
2.388e+28 700 0.001 9513247984362.041
2.388e+28 800 0.001 9729269917.192343
2.388e+28 900 0.001 444628835.2986919
2.388e+28 1000 0.001 2504791964.3609376
2.388e+28 1100 0.001 602915800.2146438
2.388e+28 1200 0.001 1158111323.9669306
2.388e+28 1300 0.001 45419339.33712338
2.388e+28 1400 0.001 6240408.266046393
2.388e+28 1500 0.001 452080.9906347509
2.388e+28 1600 0.001 15089.558690905982
2.388e+28 1700 0.001 2475.8578325714443
2.388e+28 1800 0.001 2577.2019848382643
2.388e+28 1900 0.001 2577.408164023762
2.388e+28 2000 0.001 2577.417078092656
3.5820000000000003e+28 300 0.001 2252.9515995682405
3.5820000000000003e+28 400 0.001 1747.812434411341
3.5820000000000003e+28 500 0.001 798.4805592424551
3.5820000000000003e+28 600 0.001 834.4791761524965
3.5820000000000003e+28 700 0.001 65415.705889800345
3.5820000000000003e+28 800 0.001 53319043821.19665
3.5820000000000003e+28 900 0.001 4108801856.8389363
3.5820000000000003e+28 1000 0.001 32407440989.473396
3.5820000000000003e+28 1100 0.001 939254275.0592704
3.5820000000000003e+28 1200 0.001 10274344413.554787
3.5820000000000003e+28 1300 0.001 6970097567.10462
3.5820000000000003e+28 1400 0.001 498640168.5218853
3.5820000000000003e+28 1500 0.001 362484935.270138
3.5820000000000003e+28 1600 0.001 59794818.53924556
3.5820000000000003e+28 1700 0.001 6282263.846222478
3.5820000000000003e+28 1800 0.001 2589.0925012948633
3.5820000000000003e+28 1900 0.001 28684.767894671935
3.5820000000000003e+28 2000 0.001 2385.886731486464
4.776e+28 300 0.001 2372.779984171765
4.776e+28 400 0.001 2087.7998669330527
4.776e+28 500 0.001 1561.3784224343422
4.776e+28 600 0.001 773.8980710171979
4.776e+28 700 0.001 144.77618151829222
4.776e+28 800 0.001 3042.576761870359
4.776e+28 900 0.001 49689.74403762089
4.776e+28 1000 0.001 2765675.8489427823
4.776e+28 1100 0.001 17749875135.05462
4.776e+28 1200 0.001 6767136194.943961
4.776e+28 1300 0.001 9204279496.187208
4.776e+28 1400 0.001 1808417475059.6614
4.776e+28 1500 0.001 769339253.1952446
4.776e+28 1600 0.001 4724874330.348731
4.776e+28 1700 0.001 2922.5950583055887
4.776e+28 1800 0.001 96987852.60574731
4.776e+28 1900 0.001 685091.3289463123
4.776e+28 2000 0.001 3965968.179377399
5.970000000000001e+28 300 0.001 2430.3142723116835
5.970000000000001e+28 400 0.001 2237.1356521276844
5.970000000000001e+28 500 0.001 1892.4686288858259
5.970000000000001e+28 600 0.001 1367.344966882299
5.970000000000001e+28 700 0.001 707.3143696107835
5.970000000000001e+28 800 0.001 138.93706566711842
5.970000000000001e+28 900 0.001 550.1384653550209
5.970000000000001e+28 1000 0.001 6024.19754800616
5.970000000000001e+28 1100 0.001 44462.21848785314
5.970000000000001e+28 1200 0.001 552692.7121809307
5.970000000000001e+28 1300 0.001 138872395.7065741
5.970000000000001e+28 1400 0.001 31523153848.373627
5.970000000000001e+28 1500 0.001 8266818761.625515
5.970000000000001e+28 1600 0.001 46662820089.44043
5.970000000000001e+28 1700 0.001 16807146940.710667
5.970000000000001e+28 1800 0.001 1661691951.159971
5.970000000000001e+28 1900 0.001 2628664746.3052335
5.970000000000001e+28 2000 0.001 1082712364.0379918
7.1640000000000006e+28 300 0.001 2463.681125667827
7.1640000000000006e+28 400 0.001 2319.539003261467
7.1640000000000006e+28 500 0.001 2068.1920004195085
7.1640000000000006e+28 600 0.001 1689.683495408558
7.1640000000000006e+28 700 0.001 1197.9028970634631
7.1640000000000006e+28 800 0.001 647.6388021518076
7.1640000000000006e+28 900 0.001 177.77502610974463
7.1640000000000006e+28 1000 0.001 143.76642661299928
7.1640000000000006e+28 1100 0.001 1595.917625736005
7.1640000000000006e+28 1200 0.001 8411.861923790291
7.1640000000000006e+28 1300 0.001 39469.43182921955
7.1640000000000006e+28 1400 0.001 248537.00367935555
7.1640000000000006e+28 1500 0.001 4639319.109361361
7.1640000000000006e+28 1600 0.001 166073535173.14252
7.1640000000000006e+28 1700 0.001 5553063962.035452
7.1640000000000006e+28 1800 0.001 8767541265.82722
7.1640000000000006e+28 1900 0.001 2975176254.5604744
7.1640000000000006e+28 2000 0.001 21342393119.021564
8.358e+28 300 0.001 2485.2949016062876
8.358e+28 400 0.001 2371.2646578629674
8.358e+28 500 0.001 2175.4854897745226
8.358e+28 600 0.001 1884.0323084144247
8.358e+28 700 0.001 1505.1076369157934
8.358e+28 800 0.001 1064.58218329452
8.358e+28 900 0.001 611.047932166874
8.358e+28 1000 0.001 223.11997722328044
8.358e+28 1100 0.001 72.70412198267957
8.358e+28 1200 0.001 548.4525353469841
8.358e+28 1300 0.001 2671.502093446432
8.358e+28 1400 0.001 9688.969046908469
8.358e+28 1500 0.001 34064.5777046322
8.358e+28 1600 0.001 144590.13742283534
8.358e+28 1700 0.001 1067757.6979127969
8.358e+28 1800 0.001 46135462.530030854
8.358e+28 1900 0.001 306422097776.71564
8.358e+28 2000 0.001 106650232689.79039
9.552e+28 300 0.001 2500.3555498598466
9.552e+28 400 0.001 2406.537778293291
9.552e+28 500 0.001 2247.2248368343817
9.552e+28 600 0.001 2012.2209164997591
9.552e+28 700 0.001 1708.0324067255813
9.552e+28 800 0.001 1351.9569912642598
9.552e+28 900 0.001 970.928426147167
9.552e+28 1000 0.001 594.4494190868743
9.552e+28 1100 0.001 274.99877160473693
9.552e+28 1200 0.001 97.36855857852824
9.552e+28 1300 0.001 231.98679532547382
9.552e+28 1400 0.001 1045.646392224948
9.552e+28 1500 0.001 3439.701464894603
9.552e+28 1600 0.001 9931.605566255872
9.552e+28 1700 0.001 28679.966613421977
9.552e+28 1800 0.001 94162.98875838607
9.552e+28 1900 0.001 428541.7142778115
9.552e+28 2000 0.001 4456113.505847504
1.0746000000000001e+29 300 0.001 2511.4087119585997
1.0746000000000001e+29 400 0.001 2432.022236530447
1.0746000000000001e+29 500 0.001 2298.307335417303
1.0746000000000001e+29 600 0.001 2102.463507816381
1.0746000000000001e+29 700 0.001 1850.1878849355662
1.0746000000000001e+29 800 0.001 1555.0445858174144
1.0746000000000001e+29 900 0.001 1236.0434310055387
1.0746000000000001e+29 1000 0.001 909.0143717957229
1.0746000000000001e+29 1100 0.001 598.6507735919091
1.0746000000000001e+29 1200 0.001 332.41533586019716
1.0746000000000001e+29 1300 0.001 156.07207131833943
1.0746000000000001e+29 1400 0.001 152.1096713770369
1.0746000000000001e+29 1500 0.001 474.4394465169121
1.0746000000000001e+29 1600 0.001 1450.5407605809412
1.0746000000000001e+29 1700 0.001 3828.1191067822288
1.0746000000000001e+29 1800 0.001 9485.25024862841
1.0746000000000001e+29 1900 0.001 23730.244594976353
1.0746000000000001e+29 2000 0.001 65218.35238673692
1.1940000000000002e+29 300 0.001 2519.8416909059806
1.1940000000000002e+29 400 0.001 2451.2361278284066
1.1940000000000002e+29 500 0.001 2336.395231659187
1.1940000000000002e+29 600 0.001 2169.131738204493
1.1940000000000002e+29 700 0.001 1954.5990808539632
1.1940000000000002e+29 800 0.001 1704.2390445631988
1.1940000000000002e+29 900 0.001 1433.1668320158096
1.1940000000000002e+29 1000 0.001 1152.0845431013026
1.1940000000000002e+29 1100 0.001 876.4676033085283
1.1940000000000002e+29 1200 0.001 618.4218222573945
1.1940000000000002e+29 1300 0.001 394.6556185187049
1.1940000000000002e+29 1400 0.001 229.52022971008435
1.1940000000000002e+29 1500 0.001 165.16978472875354
1.1940000000000002e+29 1600 0.001 275.58236191478716
1.1940000000000002e+29 1700 0.001 697.3530970433139
1.1940000000000002e+29 1800 0.001 1712.56478890106
1.1940000000000002e+29 1900 0.001 3909.344064742599
1.1940000000000002e+29 2000 0.001 8673.951387741337
1.194e+28 300 0.005 101946850.78114283
1.194e+28 400 0.005 1607626167.2579632
1.194e+28 500 0.005 1474009264.514068
1.194e+28 600 0.005 43308640324.455696
1.194e+28 700 0.005 1392465292.3069522
1.194e+28 800 0.005 212356906.46021456
1.194e+28 900 0.005 221148305.98557395
1.194e+28 1000 0.005 15571052.849231623
1.194e+28 1100 0.005 2289474.4820100768
1.194e+28 1200 0.005 145541.78712844723
1.194e+28 1300 0.005 11973.222834005237
1.194e+28 1400 0.005 2290.6087750144848
1.194e+28 1500 0.005 2577.0960533506477
1.194e+28 1600 0.005 2576.380527019306
1.194e+28 1700 0.005 2577.1746033176887
1.194e+28 1800 0.005 2577.4175214921434
1.194e+28 1900 0.005 2577.4175175363866
1.194e+28 2000 0.005 2577.4175215021273
2.388e+28 300 0.005 1616.6729161375742
2.388e+28 400 0.005 590.6455350218274
2.388e+28 500 0.005 376708.15249572357
2.388e+28 600 0.005 1272440640.8586004
2.388e+28 700 0.005 9513338588545.633
2.388e+28 800 0.005 9732473965.028143
2.388e+28 900 0.005 445360636.76007134
2.388e+28 1000 0.005 2506470699.3232446
2.388e+28 1100 0.005 603614838.4386641
2.388e+28 1200 0.005 1158435239.6632662
2.388e+28 1300 0.005 45429899.601453006
2.388e+28 1400 0.005 6248512.698324435
2.388e+28 1500 0.005 453698.374567395
2.388e+28 1600 0.005 15121.102042131433
2.388e+28 1700 0.005 2475.8283824744535
2.388e+28 1800 0.005 2577.201946877955
2.388e+28 1900 0.005 2577.4081632299776
2.388e+28 2000 0.005 2577.417078069238
3.5820000000000003e+28 300 0.005 2057.766089798043
3.5820000000000003e+28 400 0.005 1471.3244154645033
3.5820000000000003e+28 500 0.005 556.8245868575577
3.5820000000000003e+28 600 0.005 1086.367664599492
3.5820000000000003e+28 700 0.005 68861.96303757216
3.5820000000000003e+28 800 0.005 53322694349.10413
3.5820000000000003e+28 900 0.005 4109888300.928624
3.5820000000000003e+28 1000 0.005 32410844975.066902
3.5820000000000003e+28 1100 0.005 939785732.3360437
3.5820000000000003e+28 1200 0.005 10275939961.127913
3.5820000000000003e+28 1300 0.005 6971069392.84849
3.5820000000000003e+28 1400 0.005 498820458.8812705
3.5820000000000003e+28 1500 0.005 362559860.26857793
3.5820000000000003e+28 1600 0.005 59807073.075967774
3.5820000000000003e+28 1700 0.005 6283935.735911283
3.5820000000000003e+28 1800 0.005 2589.1082601539756
3.5820000000000003e+28 1900 0.005 28688.93419567031
3.5820000000000003e+28 2000 0.005 2385.886825101594
4.776e+28 300 0.005 2225.6312101273074
4.776e+28 400 0.005 1863.6013761619718
4.776e+28 500 0.005 1285.7247253338012
4.776e+28 600 0.005 531.6989638227811
4.776e+28 700 0.005 120.62060761022835
4.776e+28 800 0.005 3620.484015976381
4.776e+28 900 0.005 52116.840515014635
4.776e+28 1000 0.005 2782122.8032181547
4.776e+28 1100 0.005 17751253342.217896
4.776e+28 1200 0.005 6767920898.893142
4.776e+28 1300 0.005 9205094832.012293
4.776e+28 1400 0.005 1808424503622.7947
4.776e+28 1500 0.005 769463908.1470276
4.776e+28 1600 0.005 4725061781.455711
4.776e+28 1700 0.005 2922.595842409879
4.776e+28 1800 0.005 96994149.8879499
4.776e+28 1900 0.005 685098.5586931906
4.776e+28 2000 0.005 3966026.1947891964
5.970000000000001e+28 300 0.005 2313.5728388945577
5.970000000000001e+28 400 0.005 2055.2488045334258
5.970000000000001e+28 500 0.005 1653.1324596264049
5.970000000000001e+28 600 0.005 1104.6751312479307
5.970000000000001e+28 700 0.005 486.2978516723964
5.970000000000001e+28 800 0.005 58.367374608361
5.970000000000001e+28 900 0.005 742.612615227881
5.970000000000001e+28 1000 0.005 6700.456542000022
5.970000000000001e+28 1100 0.005 46093.09562356993
5.970000000000001e+28 1200 0.005 557276.1197119177
5.970000000000001e+28 1300 0.005 138928316.7900929
5.970000000000001e+28 1400 0.005 31523957492.21451
5.970000000000001e+28 1500 0.005 8267121922.9463415
5.970000000000001e+28 1600 0.005 46663367987.17196
5.970000000000001e+28 1700 0.005 16807346339.511002
5.970000000000001e+28 1800 0.005 1661724079.02975
5.970000000000001e+28 1900 0.005 2628683903.7955065
5.970000000000001e+28 2000 0.005 1082716669.605376
7.1640000000000006e+28 300 0.005 2367.430918895412
7.1640000000000006e+28 400 0.005 2168.0169961550423
7.1640000000000006e+28 500 0.005 1863.1696618955552
7.1640000000000006e+28 600 0.005 1449.2043105079179
7.1640000000000006e+28 700 0.005 956.8619730642315
7.1640000000000006e+28 800 0.005 454.3331470515271
7.1640000000000006e+28 900 0.005 87.63523635494013
7.1640000000000006e+28 1000 0.005 213.1234830352922
7.1640000000000006e+28 1100 0.005 1875.2386048269002
7.1640000000000006e+28 1200 0.005 8962.336992988216
7.1640000000000006e+28 1300 0.005 40398.94445117218
7.1640000000000006e+28 1400 0.005 250187.86002229544
7.1640000000000006e+28 1500 0.005 4643949.713521995
7.1640000000000006e+28 1600 0.005 166074295840.10068
7.1640000000000006e+28 1700 0.005 5553143981.485881
7.1640000000000006e+28 1800 0.005 8767605977.235628
7.1640000000000006e+28 1900 0.005 2975196605.913508
7.1640000000000006e+28 2000 0.005 21342422277.44579
8.358e+28 300 0.005 2403.6701730178684
8.358e+28 400 0.005 2242.0019727615586
8.358e+28 500 0.005 1997.901749669324
8.358e+28 600 0.005 1669.0785774766075
8.358e+28 700 0.005 1275.359909406452
8.358e+28 800 0.005 850.8315085176196
8.358e+28 900 0.005 446.6366775389714
8.358e+28 1000 0.005 139.281979741073
8.358e+28 1100 0.005 91.4479648555466
8.358e+28 1200 0.005 676.4955926171563
8.358e+28 1300 0.005 2908.721081657424
8.358e+28 1400 0.005 10026.834048500528
8.358e+28 1500 0.005 34500.832713427175
8.358e+28 1600 0.005 145154.760575345
8.358e+28 1700 0.005 1068648.9101811354
8.358e+28 1800 0.005 46138659.93951434
8.358e+28 1900 0.005 306422311535.4874
8.358e+28 2000 0.005 106650297876.26053
9.552e+28 300 0.005 2429.648969484889
9.552e+28 400 0.005 2294.1302305475856
9.552e+28 500 0.005 2091.2937703552707
9.552e+28 600 0.005 1819.969115276692
9.552e+28 700 0.005 1495.638183717756
9.552e+28 800 0.005 1141.7649781080243
9.552e+28 900 0.005 786.9346257175081
9.552e+28 1000 0.005 458.72017076161495
9.552e+28 1100 0.005 202.38100824628316
9.552e+28 1200 0.005 93.56967287819408
9.552e+28 1300 0.005 291.82780513957675
9.552e+28 1400 0.005 1155.6886003228415
9.552e+28 1500 0.005 3583.4463909624324
9.552e+28 1600 0.005 10092.755139786856
9.552e+28 1700 0.005 28848.62146731438
9.552e+28 1800 0.005 94335.08871509158
9.552e+28 1900 0.005 428733.19644410495
9.552e+28 2000 0.005 4456409.875789555
1.0746000000000001e+29 300 0.005 2449.1429420151812
1.0746000000000001e+29 400 0.005 2332.759057449496
1.0746000000000001e+29 500 0.005 2159.6686867915573
1.0746000000000001e+29 600 0.005 1929.4330174970926
1.0746000000000001e+29 700 0.005 1655.1193591576011
1.0746000000000001e+29 800 0.005 1355.3886830214853
1.0746000000000001e+29 900 0.005 1050.6983546618596
1.0746000000000001e+29 1000 0.005 755.5711091007124
1.0746000000000001e+29 1100 0.005 489.36492232449956
1.0746000000000001e+29 1200 0.005 272.72733687455167
1.0746000000000001e+29 1300 0.005 143.67987956397616
1.0746000000000001e+29 1400 0.005 178.27268482384892
1.0746000000000001e+29 1500 0.005 525.9907296434773
1.0746000000000001e+29 1600 0.005 1514.8062960877849
1.0746000000000001e+29 1700 0.005 3894.9738426974336
1.0746000000000001e+29 1800 0.005 9547.315355957477
1.0746000000000001e+29 1900 0.005 23784.21524928442
1.0746000000000001e+29 2000 0.005 65263.80835391078
1.1940000000000002e+29 300 0.005 2464.2852283620505
1.1940000000000002e+29 400 0.005 2362.4818187325095
1.1940000000000002e+29 500 0.005 2211.796787936709
1.1940000000000002e+29 600 0.005 2012.2524542964331
1.1940000000000002e+29 700 0.005 1775.2854842133158
1.1940000000000002e+29 800 0.005 1516.764191903548
1.1940000000000002e+29 900 0.005 1253.1991366127504
1.1940000000000002e+29 1000 0.005 994.4968432069708
1.1940000000000002e+29 1100 0.005 752.1306248464956
1.1940000000000002e+29 1200 0.005 532.9795887822479
1.1940000000000002e+29 1300 0.005 347.57507568819324
1.1940000000000002e+29 1400 0.005 215.19281889884817
1.1940000000000002e+29 1500 0.005 174.720598067039
1.1940000000000002e+29 1600 0.005 298.9992500599222
1.1940000000000002e+29 1700 0.005 726.4362682122987
1.1940000000000002e+29 1800 0.005 1741.1809524307412
1.1940000000000002e+29 1900 0.005 3934.1044947750383
1.1940000000000002e+29 2000 0.005 8693.526461632422
1.194e+28 300 0.0025 101870099.74168718
1.194e+28 400 0.0025 1607136832.9408922
1.194e+28 500 0.0025 1473304321.3591313
1.194e+28 600 0.0025 43303433061.61796
1.194e+28 700 0.0025 1391382877.3750386
1.194e+28 800 0.0025 211923070.02705568
1.194e+28 900 0.0025 220813617.2924777
1.194e+28 1000 0.0025 15498104.39134508
1.194e+28 1100 0.0025 2288088.8155952278
1.194e+28 1200 0.0025 142995.48540343548
1.194e+28 1300 0.0025 11722.668297540626
1.194e+28 1400 0.0025 2281.040362276422
1.194e+28 1500 0.0025 2577.0966425794327
1.194e+28 1600 0.0025 2576.3848049881453
1.194e+28 1700 0.0025 2577.1766599898683
1.194e+28 1800 0.0025 2577.417521492154
1.194e+28 1900 0.0025 2577.4175175625764
1.194e+28 2000 0.0025 2577.4175215021273
2.388e+28 300 0.0025 1729.5949936216007
2.388e+28 400 0.0025 623.092211182647
2.388e+28 500 0.0025 373091.47856580757
2.388e+28 600 0.0025 1272170664.1785543
2.388e+28 700 0.0025 9513305999754.092
2.388e+28 800 0.0025 9731416711.296095
2.388e+28 900 0.0025 445136358.7856535
2.388e+28 1000 0.0025 2505981479.4941416
2.388e+28 1100 0.0025 603426368.6137975
2.388e+28 1200 0.0025 1158346655.5827937
2.388e+28 1300 0.0025 45427116.65990573
2.388e+28 1400 0.0025 6246803.210571083
2.388e+28 1500 0.0025 453435.1883287314
2.388e+28 1600 0.0025 15116.74499017336
2.388e+28 1700 0.0025 2475.8309632660303
2.388e+28 1800 0.0025 2577.201948800228
2.388e+28 1900 0.0025 2577.408163243506
2.388e+28 2000 0.0025 2577.4170780693344
3.5820000000000003e+28 300 0.0025 2146.2259027197765
3.5820000000000003e+28 400 0.0025 1591.472833593702
3.5820000000000003e+28 500 0.0025 654.2909863935886
3.5820000000000003e+28 600 0.0025 981.715017339468
3.5820000000000003e+28 700 0.0025 67581.07583735265
3.5820000000000003e+28 800 0.0025 53321411538.61542
3.5820000000000003e+28 900 0.0025 4109527515.072665
3.5820000000000003e+28 1000 0.0025 32409776993.81087
3.5820000000000003e+28 1100 0.0025 939631784.9960165
3.5820000000000003e+28 1200 0.0025 10275508449.89553
3.5820000000000003e+28 1300 0.0025 6970827712.651551
3.5820000000000003e+28 1400 0.0025 498781578.44113743
3.5820000000000003e+28 1500 0.0025 362545277.7002365
3.5820000000000003e+28 1600 0.0025 59805012.38574212
3.5820000000000003e+28 1700 0.0025 6283720.233042068
3.5820000000000003e+28 1800 0.0025 2589.1060575450215
3.5820000000000003e+28 1900 0.0025 28688.69183485754
3.5820000000000003e+28 2000 0.0025 2385.8868088987088
4.776e+28 300 0.0025 2293.7239735633852
4.776e+28 400 0.0025 1963.861595641528
4.776e+28 500 0.0025 1402.6340550453203
4.776e+28 600 0.0025 627.2448762211391
4.776e+28 700 0.0025 124.09201246715422
4.776e+28 800 0.0025 3400.5282311736482
4.776e+28 900 0.0025 51265.05717831949
4.776e+28 1000 0.0025 2776768.573302005
4.776e+28 1100 0.0025 17750832964.747
4.776e+28 1200 0.0025 6767700314.513745
4.776e+28 1300 0.0025 9204887167.676386
4.776e+28 1400 0.0025 1808422676106.3276
4.776e+28 1500 0.0025 769439874.7370962
4.776e+28 1600 0.0025 4725030268.772911
4.776e+28 1700 0.0025 2922.59565839069
4.776e+28 1800 0.0025 96993524.61939885
4.776e+28 1900 0.0025 685097.8095674902
4.776e+28 2000 0.0025 3966023.22746484
5.970000000000001e+28 300 0.0025 2368.2754405322075
5.970000000000001e+28 400 0.0025 2137.931095945797
5.970000000000001e+28 500 0.0025 1756.9720289495638
5.970000000000001e+28 600 0.0025 1212.4276984847847
5.970000000000001e+28 700 0.0025 571.0619426404025
5.970000000000001e+28 800 0.0025 84.32197454590526
5.970000000000001e+28 900 0.0025 668.0049366363749
5.970000000000001e+28 1000 0.0025 6464.70812673534
5.970000000000001e+28 1100 0.0025 45570.29877674615
5.970000000000001e+28 1200 0.0025 555936.6483370732
5.970000000000001e+28 1300 0.0025 138913635.69006586
5.970000000000001e+28 1400 0.0025 31523768328.572803
5.970000000000001e+28 1500 0.0025 8267060475.26665
5.970000000000001e+28 1600 0.0025 46663273416.202896
5.970000000000001e+28 1700 0.0025 16807318298.849003
5.970000000000001e+28 1800 0.0025 1661720670.3700652
5.970000000000001e+28 1900 0.0025 2628682389.5166554
5.970000000000001e+28 2000 0.0025 1082716431.8392982
7.1640000000000006e+28 300 0.0025 2412.9214444893682
7.1640000000000006e+28 400 0.0025 2237.6543424905926
7.1640000000000006e+28 500 0.0025 1953.4127479214567
7.1640000000000006e+28 600 0.0025 1549.8706240004735
7.1640000000000006e+28 700 0.0025 1052.4822287899115
7.1640000000000006e+28 800 0.0025 526.4135565066199
7.1640000000000006e+28 900 0.0025 117.32442216404843
7.1640000000000006e+28 1000 0.0025 184.75012980537193
7.1640000000000006e+28 1100 0.0025 1779.9224862670017
7.1640000000000006e+28 1200 0.0025 8791.643279507929
7.1640000000000006e+28 1300 0.0025 40140.28460602938
7.1640000000000006e+28 1400 0.0025 249783.2380641707
7.1640000000000006e+28 1500 0.0025 4642976.9689807035
7.1640000000000006e+28 1600 0.0025 166074159746.31488
7.1640000000000006e+28 1700 0.0025 5553132365.597649
7.1640000000000006e+28 1800 0.0025 8767598673.248213
7.1640000000000006e+28 1900 0.0025 2975194919.8695245
7.1640000000000006e+28 2000 0.0025 21342420549.155827
8.358e+28 300 0.0025 2442.4963267566404
8.358e+28 400 0.0025 2301.885994738355
8.358e+28 500 0.0025 2076.871933525791
8.358e+28 600 0.0025 1760.2869637523438
8.358e+28 700 0.0025 1368.2238184135267
8.358e+28 800 0.0025 932.9926142452682
8.358e+28 900 0.0025 506.02138427370676
8.358e+28 1000 0.0025 166.40790207228085
8.358e+28 1100 0.0025 82.22384228049354
8.358e+28 1200 0.0025 633.8742710732115
8.358e+28 1300 0.0025 2839.1508302163143
8.358e+28 1400 0.0025 9939.322819141196
8.358e+28 1500 0.0025 34403.47493743876
8.358e+28 1600 0.0025 145049.03274443993
8.358e+28 1700 0.0025 1068512.5699489191
8.358e+28 1800 0.0025 46138279.86645031
8.358e+28 1900 0.0025 306422292228.27673
8.358e+28 2000 0.0025 106650293695.53574
9.552e+28 300 0.0025 2463.4517420060597
9.552e+28 400 0.0025 2346.528761225836
9.552e+28 500 0.0025 2161.1767243812888
9.552e+28 600 0.0025 1902.3633104403343
9.552e+28 700 0.0025 1582.6069438958605
9.552e+28 800 0.0025 1224.0002947589983
9.552e+28 900 0.0025 855.2828193319779
9.552e+28 1000 0.0025 505.90640017647803
9.552e+28 1100 0.0025 225.0758313932611
9.552e+28 1200 0.0025 92.76789404070941
9.552e+28 1300 0.0025 272.67493969607153
9.552e+28 1400 0.0025 1125.5792737315512
9.552e+28 1500 0.0025 3549.656313748178
9.552e+28 1600 0.0025 10060.83666406977
9.552e+28 1700 0.0025 28821.134203401325
9.552e+28 1800 0.0025 94313.09206686032
9.552e+28 1900 0.0025 428714.8726858267
9.552e+28 2000 0.0025 4456389.5144208595
1.0746000000000001e+29 300 0.0025 2479.0334818401807
1.0746000000000001e+29 400 0.0025 2379.2617228259646
1.0746000000000001e+29 500 0.0025 2222.187278781891
1.0746000000000001e+29 600 0.0025 2004.1689205451187
1.0746000000000001e+29 700 0.0025 1735.778571033242
1.0746000000000001e+29 800 0.0025 1434.4861368562097
1.0746000000000001e+29 900 0.0025 1120.732817029414
1.0746000000000001e+29 1000 0.0025 810.3556780410099
1.0746000000000001e+29 1100 0.0025 525.6378724679756
1.0746000000000001e+29 1200 0.0025 290.5158710485733
1.0746000000000001e+29 1300 0.0025 146.02520509362859
1.0746000000000001e+29 1400 0.0025 170.2279668660216
1.0746000000000001e+29 1500 0.0025 513.184067812146
1.0746000000000001e+29 1600 0.0025 1501.3950847874403
1.0746000000000001e+29 1700 0.0025 3883.471027410464
1.0746000000000001e+29 1800 0.0025 9538.877071263545
1.0746000000000001e+29 1900 0.0025 23778.665155361
1.0746000000000001e+29 2000 0.0025 65260.40607864433
1.1940000000000002e+29 300 0.0025 2491.047872042238
1.1940000000000002e+29 400 0.0025 2404.2341602184956
1.1940000000000002e+29 500 0.0025 2268.2703836320306
1.1940000000000002e+29 600 0.0025 2080.4407557954833
1.1940000000000002e+29 700 0.0025 1850.007949105413
1.1940000000000002e+29 800 0.0025 1591.753727946754
1.1940000000000002e+29 900 0.0025 1322.0460662379398
1.1940000000000002e+29 1000 0.0025 1051.714174493586
1.1940000000000002e+29 1100 0.0025 794.4717922747595
1.1940000000000002e+29 1200 0.0025 559.8101278589638
1.1940000000000002e+29 1300 0.0025 360.73603706299133
1.1940000000000002e+29 1400 0.0025 218.27272551083584
1.1940000000000002e+29 1500 0.0025 171.82397263299436
1.1940000000000002e+29 1600 0.0025 293.75690971874434
1.1940000000000002e+29 1700 0.0025 721.1502788959498
1.1940000000000002e+29 1800 0.0025 1737.0653055008895
1.1940000000000002e+29 1900 0.0025 3931.3933992764682
1.1940000000000002e+29 2000 0.0025 8691.949324403084
1.194e+28 300 0.0075 101994337.03725071
1.194e+28 400 0.0075 1607903621.1569102
1.194e+28 500 0.0075 1474370752.8681262
1.194e+28 600 0.0075 43311083357.891846
1.194e+28 700 0.0075 1392931275.4960353
1.194e+28 800 0.0075 212527861.3525281
1.194e+28 900 0.0075 221270189.35606238
1.194e+28 1000 0.0075 15594573.802622221
1.194e+28 1100 0.0075 2289908.407142981
1.194e+28 1200 0.0075 146148.8703882541
1.194e+28 1300 0.0075 12023.138460975364
1.194e+28 1400 0.0075 2292.1627192349183
1.194e+28 1500 0.0075 2577.0959844469794
1.194e+28 1600 0.0075 2576.380288935982
1.194e+28 1700 0.0075 2577.1745710660857
1.194e+28 1800 0.0075 2577.4175214921434
1.194e+28 1900 0.0075 2577.4175175363807
1.194e+28 2000 0.0075 2577.4175215021273
2.388e+28 300 0.0075 1542.996136770099
2.388e+28 400 0.0075 574.9172637890688
2.388e+28 500 0.0075 378797.2170400268
2.388e+28 600 0.0075 1272587938.6072793
2.388e+28 700 0.0075 9513355905954.781
2.388e+28 800 0.0075 9732982622.418339
2.388e+28 900 0.0075 445460077.03183407
2.388e+28 1000 0.0075 2506676920.5518885
2.388e+28 1100 0.0075 603687881.1587629
2.388e+28 1200 0.0075 1158470627.2806892
2.388e+28 1300 0.0075 45430988.036945164
2.388e+28 1400 0.0075 6249028.154782206
2.388e+28 1500 0.0075 453759.22805210296
2.388e+28 1600 0.0075 15121.942016977026
2.388e+28 1700 0.0075 2475.8280858131784
2.388e+28 1800 0.0075 2577.2019467479936
2.388e+28 1900 0.0075 2577.408163229624
2.388e+28 2000 0.0075 2577.417078069234
3.5820000000000003e+28 300 0.0075 1996.7628707965544
3.5820000000000003e+28 400 0.0075 1393.212281882911
3.5820000000000003e+28 500 0.0075 500.0588436472582
3.5820000000000003e+28 600 0.0075 1151.6212577175397
3.5820000000000003e+28 700 0.0075 69553.96468344022
3.5820000000000003e+28 800 0.0075 53323345104.96847
3.5820000000000003e+28 900 0.0075 4110058712.157138
3.5820000000000003e+28 1000 0.0075 32411315514.127037
3.5820000000000003e+28 1100 0.0075 939847326.9488487
3.5820000000000003e+28 1200 0.0075 10276098112.28982
3.5820000000000003e+28 1300 0.0075 6971149206.262475
3.5820000000000003e+28 1400 0.0075 498831345.80637264
3.5820000000000003e+28 1500 0.0075 362563445.73559046
3.5820000000000003e+28 1600 0.0075 59807493.13746053
3.5820000000000003e+28 1700 0.0075 6283967.275185692
3.5820000000000003e+28 1800 0.0075 2589.1085691940157
3.5820000000000003e+28 1900 0.0075 28688.946824981456
3.5820000000000003e+28 2000 0.0075 2385.886826117725
4.776e+28 300 0.0075 2177.4385052555776
4.776e+28 400 0.0075 1795.853542733553
4.776e+28 500 0.0075 1212.2629336003038
4.776e+28 600 0.0075 476.950809199242
4.776e+28 700 0.0075 122.59206572845963
4.776e+28 800 0.0075 3740.512989654467
4.776e+28 900 0.0075 52538.05977720404
4.776e+28 1000 0.0075 2784537.698750772
4.776e+28 1100 0.0075 17751428818.13074
4.776e+28 1200 0.0075 6768003844.08087
4.776e+28 1300 0.0075 9205163899.314724
4.776e+28 1400 0.0075 1808425104407.0898
4.776e+28 1500 0.0075 769469646.1529379
4.776e+28 1600 0.0075 4725068077.102092
4.776e+28 1700 0.0075 2922.5958946500587
4.776e+28 1800 0.0075 96994214.18138433
4.776e+28 1900 0.0075 685098.6212619245
4.776e+28 2000 0.0075 3966026.310430153
5.970000000000001e+28 300 0.0075 2274.2364846963465
5.970000000000001e+28 400 0.0075 1998.1269201846028
5.970000000000001e+28 500 0.0075 1585.7969757312108
5.970000000000001e+28 600 0.0075 1039.6155738071525
5.970000000000001e+28 700 0.0075 439.09835679748045
5.970000000000001e+28 800 0.0075 46.853266374411476
5.970000000000001e+28 900 0.0075 783.5407044217818
5.970000000000001e+28 1000 0.0075 6814.493482345071
5.970000000000001e+28 1100 0.0075 46320.74319176637
5.970000000000001e+28 1200 0.0075 557795.6084788305
5.970000000000001e+28 1300 0.0075 138933300.62090224
5.970000000000001e+28 1400 0.0075 31524013762.674007
5.970000000000001e+28 1500 0.0075 8267137182.040743
5.970000000000001e+28 1600 0.0075 46663387290.53302
5.970000000000001e+28 1700 0.0075 16807350759.006763
5.970000000000001e+28 1800 0.0075 1661724460.8046184
5.970000000000001e+28 1900 0.0075 2628684017.0471506
5.970000000000001e+28 2000 0.0075 1082716680.260534
7.1640000000000006e+28 300 0.0075 2334.357317268946
7.1640000000000006e+28 400 0.0075 2119.186727358918
7.1640000000000006e+28 500 0.0075 1803.4821420437909
7.1640000000000006e+28 600 0.0075 1386.8091449283295
7.1640000000000006e+28 700 0.0075 901.3725006587406
7.1640000000000006e+28 800 0.0075 415.60863707997004
7.1640000000000006e+28 900 0.0075 73.88387704921394
7.1640000000000006e+28 1000 0.0075 228.75945860723925
7.1640000000000006e+28 1100 0.0075 1919.4059837703733
7.1640000000000006e+28 1200 0.0075 9032.40927070523
7.1640000000000006e+28 1300 0.0075 40491.66543058616
7.1640000000000006e+28 1400 0.0075 250312.3457487189
7.1640000000000006e+28 1500 0.0075 4644198.392622531
7.1640000000000006e+28 1600 0.0075 166074324519.68976
7.1640000000000006e+28 1700 0.0075 5553145877.5845585
7.1640000000000006e+28 1800 0.0075 8767606855.51469
7.1640000000000006e+28 1900 0.0075 2975196743.9437203
7.1640000000000006e+28 2000 0.0075 21342422365.500378
8.358e+28 300 0.0075 2375.2100767792563
8.358e+28 400 0.0075 2199.553317130436
8.358e+28 500 0.0075 1944.9340517258388
8.358e+28 600 0.0075 1611.5482896418857
8.358e+28 700 0.0075 1220.229812681075
8.358e+28 800 0.0075 805.1083683058042
8.358e+28 900 0.0075 416.07297720773835
8.358e+28 1000 0.0075 127.0028945920512
8.358e+28 1100 0.0075 96.80653598462355
8.358e+28 1200 0.0075 695.0879576687746
8.358e+28 1300 0.0075 2934.9033521355004
8.358e+28 1400 0.0075 10055.150136639533
8.358e+28 1500 0.0075 34527.11069736391
8.358e+28 1600 0.0075 145177.93043921218
8.358e+28 1700 0.0075 1068672.2892293155
8.358e+28 1800 0.0075 46138708.28946367
8.358e+28 1900 0.0075 306422313272.6219
8.358e+28 2000 0.0075 106650298114.88052
9.552e+28 300 0.0075 2404.7122088503015
9.552e+28 400 0.0075 2256.6768145165506
9.552e+28 500 0.0075 2043.9228038259225
9.552e+28 600 0.0075 1767.3241117009254
9.552e+28 700 0.0075 1443.1855421409412
9.552e+28 800 0.0075 1095.0407058044966
9.552e+28 900 0.0075 750.6466308477573
9.552e+28 1000 0.0075 435.67318154791013
9.552e+28 1100 0.0075 192.57325424208318
9.552e+28 1200 0.0075 94.56910873230524
9.552e+28 1300 0.0075 299.4408681049496
9.552e+28 1400 0.0075 1165.8930152830058
9.552e+28 1500 0.0075 3592.987709650152
9.552e+28 1600 0.0075 10100.10279734916
9.552e+28 1700 0.0075 28853.61341612144
9.552e+28 1800 0.0075 94338.08142147803
9.552e+28 1900 0.0075 428734.96116432006
9.552e+28 2000 0.0075 4456411.146893712
1.0746000000000001e+29 300 0.0075 2426.977836300929
1.0746000000000001e+29 400 0.0075 2299.2978101275885
1.0746000000000001e+29 500 0.0075 2116.9345027016575
1.0746000000000001e+29 600 0.0075 1881.199056388211
1.0746000000000001e+29 700 0.0075 1605.8853684524224
1.0746000000000001e+29 800 0.0075 1309.7722621312046
1.0746000000000001e+29 900 0.0075 1012.7877248505699
1.0746000000000001e+29 1000 0.0075 728.0449236705683
1.0746000000000001e+29 1100 0.0075 472.7234025334188
1.0746000000000001e+29 1200 0.0075 265.5237319225158
1.0746000000000001e+29 1300 0.0075 143.13475196600467
1.0746000000000001e+29 1400 0.0075 181.21678487723463
1.0746000000000001e+29 1500 0.0075 529.7786795121584
1.0746000000000001e+29 1600 0.0075 1518.0301076697083
1.0746000000000001e+29 1700 0.0075 3897.16612243867
1.0746000000000001e+29 1800 0.0075 9548.530536676548
1.0746000000000001e+29 1900 0.0075 23784.788758184495
1.0746000000000001e+29 2000 0.0075 65264.04123093697
1.1940000000000002e+29 300 0.0075 2444.3539074282658
1.1940000000000002e+29 400 0.0075 2332.2737378087295
1.1940000000000002e+29 500 0.0075 2172.9312115558228
1.1940000000000002e+29 600 0.0075 1967.8852307585091
1.1940000000000002e+29 700 0.0075 1729.2371783056224
1.1940000000000002e+29 800 0.0075 1473.0122218841086
1.1940000000000002e+29 900 0.0075 1215.3933765600823
1.1940000000000002e+29 1000 0.0075 965.2135120626355
1.1940000000000002e+29 1100 0.0075 732.1901245549675
1.1940000000000002e+29 1200 0.0075 521.5665888364358
1.1940000000000002e+29 1300 0.0075 342.68814639909726
1.1940000000000002e+29 1400 0.0075 214.3171657186994
1.1940000000000002e+29 1500 0.0075 175.6708248177076
1.1940000000000002e+29 1600 0.0075 300.32241852814053
1.1940000000000002e+29 1700 0.0075 727.4893685126938
1.1940000000000002e+29 1800 0.0075 1741.8040247488095
1.1940000000000002e+29 1900 0.0075 3934.4020247027524
1.1940000000000002e+29 2000 0.0075 8693.64310841447
