# mass(g) temperature(K) clouds reduced_chi_squared
2.9850000000000005e+28 300 None 117.67097348190482
2.9850000000000005e+28 400 None 455.38893243810986
2.9850000000000005e+28 500 None 3446.8186441614907
2.9850000000000005e+28 600 None 134501.5598100472
2.9850000000000005e+28 700 None 7612223306.456818
2.9850000000000005e+28 800 None 27009557309.66986
2.9850000000000005e+28 900 None 1576938096.0245616
2.9850000000000005e+28 1000 None 11284772625.684334
2.9850000000000005e+28 1100 None 985819728.8787098
2.9850000000000005e+28 1200 None 542191466.9347868
2.9850000000000005e+28 1300 None 1938372517.911466
2.9850000000000005e+28 1400 None 36419910.86531247
2.9850000000000005e+28 1500 None 6255037.031583019
2.9850000000000005e+28 1600 None 1807097.6112131411
2.9850000000000005e+28 1700 None 165265.89197192888
2.9850000000000005e+28 1800 None 4931.268617910923
2.9850000000000005e+28 1900 None 99.00221564048326
2.9850000000000005e+28 2000 None 111.31736776446385
5.970000000000001e+28 300 None 36.44805987352921
5.970000000000001e+28 400 None 26.166173050570272
5.970000000000001e+28 500 None 48.289605852385264
5.970000000000001e+28 600 None 168.76663048675988
5.970000000000001e+28 700 None 549.2944037841861
5.970000000000001e+28 800 None 1614.308314081425
5.970000000000001e+28 900 None 4653.3024528175265
5.970000000000001e+28 1000 None 14935.849497047437
5.970000000000001e+28 1100 None 64292.70411696043
5.970000000000001e+28 1200 None 610541.3542758112
5.970000000000001e+28 1300 None 138137270.19070965
5.970000000000001e+28 1400 None 31227976429.73803
5.970000000000001e+28 1500 None 8205919426.469755
5.970000000000001e+28 1600 None 46469101907.61169
5.970000000000001e+28 1700 None 16756370460.249975
5.970000000000001e+28 1800 None 1658577688.8147414
5.970000000000001e+28 1900 None 2625750174.9835825
5.970000000000001e+28 2000 None 1082527896.6193707
8.955e+28 300 None 47.17110671019941
8.955e+28 400 None 26.93009665437003
8.955e+28 500 None 12.660006692050327
8.955e+28 600 None 13.393274651972636
8.955e+28 700 None 45.95897539293735
8.955e+28 800 None 137.09491890070748
8.955e+28 900 None 323.26998531832055
8.955e+28 1000 None 671.3650249419072
8.955e+28 1100 None 1295.4942983143974
8.955e+28 1200 None 2436.8053338008817
8.955e+28 1300 None 4605.675062344764
8.955e+28 1400 None 9052.936906239433
8.955e+28 1500 None 19148.987202549877
8.955e+28 1600 None 46288.50288498854
8.955e+28 1700 None 141915.9774550565
8.955e+28 1800 None 704375.0022688987
8.955e+28 1900 None 11795668.084452737
8.955e+28 2000 None 177606774185.14825
1.1940000000000002e+29 300 None 58.10066388346002
1.1940000000000002e+29 400 None 38.91230322751802
1.1940000000000002e+29 500 None 21.490287736029618
1.1940000000000002e+29 600 None 8.236215816346842
1.1940000000000002e+29 700 None 4.806098502684147
1.1940000000000002e+29 800 None 17.78299531239922
1.1940000000000002e+29 900 None 52.67396258919712
1.1940000000000002e+29 1000 None 118.51699821756556
1.1940000000000002e+29 1100 None 222.8510386507242
1.1940000000000002e+29 1200 None 382.2087068207317
1.1940000000000002e+29 1300 None 619.3306648294854
1.1940000000000002e+29 1400 None 975.1813220610536
1.1940000000000002e+29 1500 None 1512.8305761015504
1.1940000000000002e+29 1600 None 2345.5288493386447
1.1940000000000002e+29 1700 None 3667.077960893669
1.1940000000000002e+29 1800 None 5846.55657630471
1.1940000000000002e+29 1900 None 9608.521189072353
1.1940000000000002e+29 2000 None 16584.64760745386
1.4925000000000001e+29 300 None 66.34704482379072
1.4925000000000001e+29 400 None 49.26480280276296
1.4925000000000001e+29 500 None 32.81899585228859
1.4925000000000001e+29 600 None 17.6436637873337
1.4925000000000001e+29 700 None 6.553605494389844
1.4925000000000001e+29 800 None 2.66759094208846
1.4925000000000001e+29 900 None 8.196344402841437
1.4925000000000001e+29 1000 None 24.893664149625984
1.4925000000000001e+29 1100 None 53.04481030832499
1.4925000000000001e+29 1200 None 95.52559200041006
1.4925000000000001e+29 1300 None 155.2660067985021
1.4925000000000001e+29 1400 None 236.67037848424647
1.4925000000000001e+29 1500 None 347.7729393040325
1.4925000000000001e+29 1600 None 498.15186017448036
1.4925000000000001e+29 1700 None 703.5315942414562
1.4925000000000001e+29 1800 None 985.8262203262166
1.4925000000000001e+29 1900 None 1375.7940483090272
1.4925000000000001e+29 2000 None 1925.0819228063444
1.791e+29 300 None 72.53682136691029
1.791e+29 400 None 57.39377699681555
1.791e+29 500 None 42.49019113802971
1.791e+29 600 None 27.83912212922585
1.791e+29 700 None 15.206200620346447
1.791e+29 800 None 6.536895539710449
1.791e+29 900 None 3.1225685276604227
1.791e+29 1000 None 5.335783500625368
1.791e+29 1100 None 13.254898915360911
1.791e+29 1200 None 26.95470383347146
1.791e+29 1300 None 46.39361035120893
1.791e+29 1400 None 72.63089412328368
1.791e+29 1500 None 107.33998218447313
1.791e+29 1600 None 152.5366089867647
1.791e+29 1700 None 210.2644316624905
1.791e+29 1800 None 285.08623267477986
1.791e+29 1900 None 380.2661113679649
1.791e+29 2000 None 503.4305588550554
2.0895000000000002e+29 300 None 77.29542732987237
2.0895000000000002e+29 400 None 63.780044928748545
2.0895000000000002e+29 500 None 50.342912687855446
2.0895000000000002e+29 600 None 36.74217867155643
2.0895000000000002e+29 700 None 24.240294615985565
2.0895000000000002e+29 800 None 14.264772467027171
2.0895000000000002e+29 900 None 7.801408109708757
2.0895000000000002e+29 1000 None 4.824842185110718
2.0895000000000002e+29 1100 None 5.287106385226334
2.0895000000000002e+29 1200 None 8.870135112453116
2.0895000000000002e+29 1300 None 15.366883623664519
2.0895000000000002e+29 1400 None 24.90039070539198
2.0895000000000002e+29 1500 None 37.78707249889401
2.0895000000000002e+29 1600 None 53.95638474857625
2.0895000000000002e+29 1700 None 74.774526709847
2.0895000000000002e+29 1800 None 101.17010865227998
2.0895000000000002e+29 1900 None 134.05340795428793
2.0895000000000002e+29 2000 None 174.2751369209043
2.3880000000000004e+29 300 None 81.04875122432202
2.3880000000000004e+29 400 None 68.88038376573388
2.3880000000000004e+29 500 None 56.7196780238727
2.3880000000000004e+29 600 None 44.21307365860369
2.3880000000000004e+29 700 None 32.33767004785179
2.3880000000000004e+29 800 None 22.237877437462572
2.3880000000000004e+29 900 None 14.762302071105093
2.3880000000000004e+29 1000 None 9.754600052493457
2.3880000000000004e+29 1100 None 7.19778184855265
2.3880000000000004e+29 1200 None 6.7131611482111015
2.3880000000000004e+29 1300 None 7.95934056486319
2.3880000000000004e+29 1400 None 10.842242642983011
2.3880000000000004e+29 1500 None 15.386625724969274
2.3880000000000004e+29 1600 None 21.70614052354028
2.3880000000000004e+29 1700 None 30.108937519913827
2.3880000000000004e+29 1800 None 40.68130159946762
2.3880000000000004e+29 1900 None 53.509979629001215
2.3880000000000004e+29 2000 None 69.47256528536428
2.6865e+29 300 None 84.07740312146964
2.6865e+29 400 None 73.02905871437144
2.6865e+29 500 None 61.95685720039881
2.6865e+29 600 None 50.45912185033235
2.6865e+29 700 None 39.33162616745369
2.6865e+29 800 None 29.539924694401133
2.6865e+29 900 None 21.852947270679877
2.6865e+29 1000 None 16.07090044602706
2.6865e+29 1100 None 12.227421805482349
2.6865e+29 1200 None 9.962275367650266
2.6865e+29 1300 None 8.91231825727062
2.6865e+29 1400 None 8.928375365564618
2.6865e+29 1500 None 9.93560610407377
2.6865e+29 1600 None 11.92201089975517
2.6865e+29 1700 None 15.005202264316383
2.6865e+29 1800 None 19.274785310077124
2.6865e+29 1900 None 24.79186724917616
2.6865e+29 2000 None 31.820566829119365
2.9850000000000003e+29 300 None 86.56939816473935
2.9850000000000003e+29 400 None 76.46154323978601
2.9850000000000003e+29 500 None 66.31647816836713
2.9850000000000003e+29 600 None 55.71504407113636
2.9850000000000003e+29 700 None 45.328161726019395
2.9850000000000003e+29 800 None 35.99664278760489
2.9850000000000003e+29 900 None 28.433410393424204
2.9850000000000003e+29 1000 None 22.42767094997237
2.9850000000000003e+29 1100 None 18.056500087596337
2.9850000000000003e+29 1200 None 14.99538777125415
2.9850000000000003e+29 1300 None 12.891270095718415
2.9850000000000003e+29 1400 None 11.587324566209412
2.9850000000000003e+29 1500 None 10.97165876732505
2.9850000000000003e+29 1600 None 10.987968969262996
2.9850000000000003e+29 1700 None 11.6733911226033
2.9850000000000003e+29 1800 None 13.047625816470521
2.9850000000000003e+29 1900 None 15.138477646093271
2.9850000000000003e+29 2000 None 18.05050341165516
2.9850000000000005e+28 300 0.001 53.409735808493735
2.9850000000000005e+28 400 0.001 98.61982740627025
2.9850000000000005e+28 500 0.001 2040.5694094240414
2.9850000000000005e+28 600 0.001 124637.88332360459
2.9850000000000005e+28 700 0.001 7609571704.841381
2.9850000000000005e+28 800 0.001 27003990101.56271
2.9850000000000005e+28 900 0.001 1575607804.0952845
2.9850000000000005e+28 1000 0.001 11281209590.62432
2.9850000000000005e+28 1100 0.001 984920980.6009126
2.9850000000000005e+28 1200 0.001 541672814.389536
2.9850000000000005e+28 1300 0.001 1937901560.4003696
2.9850000000000005e+28 1400 0.001 36365971.50494691
2.9850000000000005e+28 1500 0.001 6253743.849115524
2.9850000000000005e+28 1600 0.001 1806003.3265609825
2.9850000000000005e+28 1700 0.001 165093.56757390458
2.9850000000000005e+28 1800 0.001 4928.780169782213
2.9850000000000005e+28 1900 0.001 99.00117884832319
2.9850000000000005e+28 2000 0.001 111.31737648451089
5.970000000000001e+28 300 0.001 85.68986719811173
5.970000000000001e+28 400 0.001 57.37783475270607
5.970000000000001e+28 500 0.001 25.755294097165
5.970000000000001e+28 600 0.001 39.680715245670385
5.970000000000001e+28 700 0.001 243.20110913609724
5.970000000000001e+28 800 0.001 1039.684583139275
5.970000000000001e+28 900 0.001 3694.6200958155755
5.970000000000001e+28 1000 0.001 13386.96385107654
5.970000000000001e+28 1100 0.001 61654.03777128957
5.970000000000001e+28 1200 0.001 604519.7182094413
5.970000000000001e+28 1300 0.001 138072098.52829865
5.970000000000001e+28 1400 0.001 31227080608.311733
5.970000000000001e+28 1500 0.001 8205593823.776225
5.970000000000001e+28 1600 0.001 46468527903.74941
5.970000000000001e+28 1700 0.001 16756165690.380568
5.970000000000001e+28 1800 0.001 1658545150.8315957
5.970000000000001e+28 1900 0.001 2625730910.1735725
5.970000000000001e+28 2000 0.001 1082523582.0597117
8.955e+28 300 0.001 96.17569252045624
8.955e+28 400 0.001 78.65746103448491
8.955e+28 500 0.001 52.92341645987045
8.955e+28 600 0.001 25.547621016161468
8.955e+28 700 0.001 13.433068810962832
8.955e+28 800 0.001 45.8227722165651
8.955e+28 900 0.001 165.25003266112623
8.955e+28 1000 0.001 445.0384113206168
8.955e+28 1100 0.001 1009.6209763095198
8.955e+28 1200 0.001 2105.9655282961567
8.955e+28 1300 0.001 4247.952897878978
8.955e+28 1400 0.001 8685.94109451562
8.955e+28 1500 0.001 18785.305438050178
8.955e+28 1600 0.001 45931.825741643006
8.955e+28 1700 0.001 141548.54174270277
8.955e+28 1800 0.001 703935.3087947331
8.955e+28 1900 0.001 11794758.44726
8.955e+28 2000 0.001 177606696151.58615
1.1940000000000002e+29 300 0.001 100.89012516431671
1.1940000000000002e+29 400 0.001 88.62667226716273
1.1940000000000002e+29 500 0.001 69.75710515421606
1.1940000000000002e+29 600 0.001 46.14601884179467
1.1940000000000002e+29 700 0.001 23.427602209737056
1.1940000000000002e+29 800 0.001 10.088612263406953
1.1940000000000002e+29 900 0.001 16.431762568855294
1.1940000000000002e+29 1000 0.001 53.91905787564268
1.1940000000000002e+29 1100 0.001 135.52114782814618
1.1940000000000002e+29 1200 0.001 279.3438757918851
1.1940000000000002e+29 1300 0.001 510.3665206017622
1.1940000000000002e+29 1400 0.001 869.1236891879965
1.1940000000000002e+29 1500 0.001 1416.7846503051292
1.1940000000000002e+29 1600 0.001 2263.5146942332594
1.1940000000000002e+29 1700 0.001 3600.5723432783816
1.1940000000000002e+29 1800 0.001 5795.58969660624
1.1940000000000002e+29 1900 0.001 9571.164621715854
1.1940000000000002e+29 2000 0.001 16558.41751420701
1.4925000000000001e+29 300 0.001 103.51688909382695
1.4925000000000001e+29 400 0.001 94.20799599021338
1.4925000000000001e+29 500 0.001 79.64106372036555
1.4925000000000001e+29 600 0.001 60.4957692324854
1.4925000000000001e+29 700 0.001 39.59387162736337
1.4925000000000001e+29 800 0.001 21.054743300855964
1.4925000000000001e+29 900 0.001 9.42757940010057
1.4925000000000001e+29 1000 0.001 8.890917495572657
1.4925000000000001e+29 1100 0.001 23.37981837026577
1.4925000000000001e+29 1200 0.001 55.91101897559002
1.4925000000000001e+29 1300 0.001 110.44039796451801
1.4925000000000001e+29 1400 0.001 191.83733795241312
1.4925000000000001e+29 1500 0.001 306.32800826139515
1.4925000000000001e+29 1600 0.001 462.65976462310766
1.4925000000000001e+29 1700 0.001 674.8860193257525
1.4925000000000001e+29 1800 0.001 964.1100984415475
1.4925000000000001e+29 1900 0.001 1360.216256814852
1.4925000000000001e+29 2000 0.001 1914.4972559789162
1.791e+29 300 0.001 105.17445170032485
1.791e+29 400 0.001 97.72995964898497
1.791e+29 500 0.001 85.98279188351522
1.791e+29 600 0.001 70.1899938523375
1.791e+29 700 0.001 52.084623225280026
1.791e+29 800 0.001 34.219964321794436
1.791e+29 900 0.001 19.33628404004134
1.791e+29 1000 0.001 9.593878738311217
1.791e+29 1100 0.001 6.899829685505764
1.791e+29 1200 0.001 12.536581734435583
1.791e+29 1300 0.001 27.40679055135742
1.791e+29 1400 0.001 51.78333969975383
1.791e+29 1500 0.001 86.93579118108389
1.791e+29 1600 0.001 134.49337990276246
1.791e+29 1700 0.001 195.27509566466694
1.791e+29 1800 0.001 273.43913877613846
1.791e+29 1900 0.001 371.78150527345406
1.791e+29 2000 0.001 497.55700062019326
2.0895000000000002e+29 300 0.001 106.30845228961337
2.0895000000000002e+29 400 0.001 100.13750921147074
2.0895000000000002e+29 500 0.001 90.35173129652642
2.0895000000000002e+29 600 0.001 77.02605718069495
2.0895000000000002e+29 700 0.001 61.35782700980419
2.0895000000000002e+29 800 0.001 45.153329403579306
2.0895000000000002e+29 900 0.001 30.348363706594878
2.0895000000000002e+29 1000 0.001 18.339632521343344
2.0895000000000002e+29 1100 0.001 10.374476734935627
2.0895000000000002e+29 1200 0.001 7.080320208539522
2.0895000000000002e+29 1300 0.001 8.733876502730155
2.0895000000000002e+29 1400 0.001 15.575807802920426
2.0895000000000002e+29 1500 0.001 27.601511570831743
2.0895000000000002e+29 1600 0.001 44.41935075053165
2.0895000000000002e+29 1700 0.001 66.43122993134533
2.0895000000000002e+29 1800 0.001 94.4361230537857
2.0895000000000002e+29 1900 0.001 128.9811551774212
2.0895000000000002e+29 2000 0.001 170.67496666136637
2.3880000000000004e+29 300 0.001 107.12948602465482
2.3880000000000004e+29 400 0.001 101.87915844333028
2.3880000000000004e+29 500 0.001 93.52592865212164
2.3880000000000004e+29 600 0.001 82.05700993820349
2.3880000000000004e+29 700 0.001 68.36367621888971
2.3880000000000004e+29 800 0.001 53.82844212902911
2.3880000000000004e+29 900 0.001 39.94587271462405
2.3880000000000004e+29 1000 0.001 27.742982931792742
2.3880000000000004e+29 1100 0.001 18.173820348010324
2.3880000000000004e+29 1200 0.001 11.642245784912706
2.3880000000000004e+29 1300 0.001 8.25954731905449
2.3880000000000004e+29 1400 0.001 8.1022225389371
2.3880000000000004e+29 1500 0.001 11.026680424399258
2.3880000000000004e+29 1600 0.001 16.8502881665119
2.3880000000000004e+29 1700 0.001 25.483704402702354
2.3880000000000004e+29 1800 0.001 36.78132542991136
2.3880000000000004e+29 1900 0.001 50.424693902404016
2.3880000000000004e+29 2000 0.001 67.18588943996892
2.6865e+29 300 0.001 107.74937579582574
2.6865e+29 400 0.001 103.19321553302224
2.6865e+29 500 0.001 95.92727543337644
2.6865e+29 600 0.001 85.89368938375759
2.6865e+29 700 0.001 73.79036458255115
2.6865e+29 800 0.001 60.73051380088836
2.6865e+29 900 0.001 47.931882240336066
2.6865e+29 1000 0.001 36.20991730589027
2.6865e+29 1100 0.001 26.35580197425598
2.6865e+29 1200 0.001 18.679403182181733
2.6865e+29 1300 0.001 13.243521422882662
2.6865e+29 1400 0.001 10.096689948579195
2.6865e+29 1500 0.001 9.095440920668844
2.6865e+29 1600 0.001 10.031040259030025
2.6865e+29 1700 0.001 12.744023032616196
2.6865e+29 1800 0.001 17.097530183981746
2.6865e+29 1900 0.001 22.943160646407154
2.6865e+29 2000 0.001 30.375606939120157
2.9850000000000003e+29 300 0.001 108.23275155795002
2.9850000000000003e+29 400 0.001 104.21734314609537
2.9850000000000003e+29 500 0.001 97.80222426823701
2.9850000000000003e+29 600 0.001 88.90568561567699
2.9850000000000003e+29 700 0.001 78.09439785189035
2.9850000000000003e+29 800 0.001 66.29648848707639
2.9850000000000003e+29 900 0.001 54.539697077051585
2.9850000000000003e+29 1000 0.001 43.50339542392929
2.9850000000000003e+29 1100 0.001 33.87326966373984
2.9850000000000003e+29 1200 0.001 25.911763368745984
2.9850000000000003e+29 1300 0.001 19.667344069625567
2.9850000000000003e+29 1400 0.001 15.193480534144237
2.9850000000000003e+29 1500 0.001 12.37309491274906
2.9850000000000003e+29 1600 0.001 11.018247744952111
2.9850000000000003e+29 1700 0.001 10.967919416906145
2.9850000000000003e+29 1800 0.001 12.05922010694301
2.9850000000000003e+29 1900 0.001 14.150118844598554
2.9850000000000003e+29 2000 0.001 17.19809337276488
2.9850000000000005e+28 300 0.005 50.81347198288154
2.9850000000000005e+28 400 0.005 187.47665638457238
2.9850000000000005e+28 500 0.005 2612.9827074371574
2.9850000000000005e+28 600 0.005 129887.8232296299
2.9850000000000005e+28 700 0.005 7611141514.326681
2.9850000000000005e+28 800 0.005 27007585619.067753
2.9850000000000005e+28 900 0.005 1576546663.2831135
2.9850000000000005e+28 1000 0.005 11283879765.104351
2.9850000000000005e+28 1100 0.005 985640659.8126116
2.9850000000000005e+28 1200 0.005 542109623.8895175
2.9850000000000005e+28 1300 0.005 1938302558.36495
2.9850000000000005e+28 1400 0.005 36415323.42316289
2.9850000000000005e+28 1500 0.005 6254897.016534061
2.9850000000000005e+28 1600 0.005 1807048.273471547
2.9850000000000005e+28 1700 0.005 165262.70844346742
2.9850000000000005e+28 1800 0.005 4931.2505207138565
2.9850000000000005e+28 1900 0.005 99.00221300868651
2.9850000000000005e+28 2000 0.005 111.31736776757711
5.970000000000001e+28 300 0.005 68.54515563141707
5.970000000000001e+28 400 0.005 37.65075307435906
5.970000000000001e+28 500 0.005 18.73131184382463
5.970000000000001e+28 600 0.005 76.52939826100672
5.970000000000001e+28 700 0.005 374.4772146397124
5.970000000000001e+28 800 0.005 1341.785680636604
5.970000000000001e+28 900 0.005 4278.79187029043
5.970000000000001e+28 1000 0.005 14441.376571337894
5.970000000000001e+28 1100 0.005 63622.182807152676
5.970000000000001e+28 1200 0.005 609366.1200606726
5.970000000000001e+28 1300 0.005 138127857.16531515
5.970000000000001e+28 1400 0.005 31227880436.81201
5.970000000000001e+28 1500 0.005 8205895869.576671
5.970000000000001e+28 1600 0.005 46469074494.00863
5.970000000000001e+28 1700 0.005 16756364724.928356
5.970000000000001e+28 1800 0.005 1658577235.7467718
5.970000000000001e+28 1900 0.005 2625750048.984304
5.970000000000001e+28 2000 0.005 1082527885.4350743
8.955e+28 300 0.005 83.18893302983867
8.955e+28 400 0.005 60.244257493709156
8.955e+28 500 0.005 32.79945953501708
8.955e+28 600 0.005 12.091965253691127
8.955e+28 700 0.005 19.1232215109836
8.955e+28 800 0.005 83.5793391996593
8.955e+28 900 0.005 248.64848268391174
8.955e+28 1000 0.005 583.8650169960597
8.955e+28 1100 0.005 1205.6209381897452
8.955e+28 1200 0.005 2354.7543696202583
8.955e+28 1300 0.005 4538.613130710053
8.955e+28 1400 0.005 9003.098349231312
8.955e+28 1500 0.005 19115.2535015613
8.955e+28 1600 0.005 46267.12670324153
8.955e+28 1700 0.005 141902.68915295196
8.955e+28 1800 0.005 704366.3863492307
8.955e+28 1900 0.005 11795659.299332213
8.955e+28 2000 0.005 177606773851.56738
1.1940000000000002e+29 300 0.005 90.8215234737752
1.1940000000000002e+29 400 0.005 73.57534548776893
1.1940000000000002e+29 500 0.005 50.98543915957091
1.1940000000000002e+29 600 0.005 27.202150125401438
1.1940000000000002e+29 700 0.005 9.825907672655896
1.1940000000000002e+29 800 0.005 8.297336487701164
1.1940000000000002e+29 900 0.005 32.00885504476192
1.1940000000000002e+29 1000 0.005 89.46673732600117
1.1940000000000002e+29 1100 0.005 191.52024394300224
1.1940000000000002e+29 1200 0.005 353.17628681267695
1.1940000000000002e+29 1300 0.005 595.643657799226
1.1940000000000002e+29 1400 0.005 958.1858136688429
1.1940000000000002e+29 1500 0.005 1502.0859058232356
1.1940000000000002e+29 1600 0.005 2339.4429087821654
1.1940000000000002e+29 1700 0.005 3663.989493510562
1.1940000000000002e+29 1800 0.005 5845.208470545781
1.1940000000000002e+29 1900 0.005 9608.004545602407
1.1940000000000002e+29 2000 0.005 16584.478060824935
1.4925000000000001e+29 300 0.005 95.38633131603592
1.4925000000000001e+29 400 0.005 81.76098728706414
1.4925000000000001e+29 500 0.005 63.30320710027973
1.4925000000000001e+29 600 0.005 42.11406526993428
1.4925000000000001e+29 700 0.005 22.288607195298113
1.4925000000000001e+29 800 0.005 8.64068952344027
1.4925000000000001e+29 900 0.005 5.386174595306891
1.4925000000000001e+29 1000 0.005 15.592292927177871
1.4925000000000001e+29 1100 0.005 40.864922215984755
1.4925000000000001e+29 1200 0.005 82.83208100671406
1.4925000000000001e+29 1300 0.005 144.43582329054158
1.4925000000000001e+29 1400 0.005 228.55954209808579
1.4925000000000001e+29 1500 0.005 342.50112995172077
1.4925000000000001e+29 1600 0.005 495.09546297964647
1.4925000000000001e+29 1700 0.005 701.9501454407751
1.4925000000000001e+29 1800 0.005 985.1213609900201
1.4925000000000001e+29 1900 0.005 1375.5191029657979
1.4925000000000001e+29 2000 0.005 1924.989676906729
1.791e+29 300 0.005 98.39415606190438
1.791e+29 400 0.005 87.2077977428834
1.791e+29 500 0.005 71.78870343185507
1.791e+29 600 0.005 53.393660774221466
1.791e+29 700 0.005 34.695931231898655
1.791e+29 800 0.005 18.83316683916443
1.791e+29 900 0.005 8.433353461513954
1.791e+29 1000 0.005 5.030053335718102
1.791e+29 1100 0.005 9.353754884148188
1.791e+29 1200 0.005 21.52660481188852
1.791e+29 1300 0.005 41.21564539769366
1.791e+29 1400 0.005 68.42204683977245
1.791e+29 1500 0.005 104.43037689987207
1.791e+29 1600 0.005 150.7875952775961
1.791e+29 1700 0.005 209.3179792848508
1.791e+29 1800 0.005 284.64416300434175
1.791e+29 1900 0.005 380.08585950276745
1.791e+29 2000 0.005 503.3665036604245
2.0895000000000002e+29 300 0.005 100.5140766171077
2.0895000000000002e+29 400 0.005 91.06499515361615
2.0895000000000002e+29 500 0.005 77.9007436882784
2.0895000000000002e+29 600 0.005 61.85341240114601
2.0895000000000002e+29 700 0.005 44.86487610898919
2.0895000000000002e+29 800 0.005 29.255761410528958
2.0895000000000002e+29 900 0.005 16.96463508937443
2.0895000000000002e+29 1000 0.005 9.018099281765904
2.0895000000000002e+29 1100 0.005 5.882738126273201
2.0895000000000002e+29 1200 0.005 7.394578808496051
2.0895000000000002e+29 1300 0.005 13.123439346630759
2.0895000000000002e+29 1400 0.005 22.76042031342898
2.0895000000000002e+29 1500 0.005 36.17680446809412
2.0895000000000002e+29 1600 0.005 52.92180461363557
2.0895000000000002e+29 1700 0.005 74.18316801517892
2.0895000000000002e+29 1800 0.005 100.87860137231107
2.0895000000000002e+29 1900 0.005 133.92850735579418
2.0895000000000002e+29 2000 0.005 174.22806233876994
2.3880000000000004e+29 300 0.005 102.08311042597492
2.3880000000000004e+29 400 0.005 93.92759654787045
2.3880000000000004e+29 500 0.005 82.48202269442152
2.3880000000000004e+29 600 0.005 68.33574331577766
2.3880000000000004e+29 700 0.005 52.995428864675404
2.3880000000000004e+29 800 0.005 38.30510778720982
2.3880000000000004e+29 900 0.005 25.824181237809164
2.3880000000000004e+29 1000 0.005 16.357110227490942
2.3880000000000004e+29 1100 0.005 10.310633828715108
2.3880000000000004e+29 1200 0.005 7.514795993019455
2.3880000000000004e+29 1300 0.005 7.52825610013812
2.3880000000000004e+29 1400 0.005 9.987747337510832
2.3880000000000004e+29 1500 0.005 14.574650656400149
2.3880000000000004e+29 1600 0.005 21.11372860524215
2.3880000000000004e+29 1700 0.005 29.743248889086384
2.3880000000000004e+29 1800 0.005 40.49033011860943
2.3880000000000004e+29 1900 0.005 53.42283705708557
2.3880000000000004e+29 2000 0.005 69.43766803563219
2.6865e+29 300 0.005 103.28821146510694
2.6865e+29 400 0.005 96.1300439085916
2.6865e+29 500 0.005 86.02973522844634
2.6865e+29 600 0.005 73.42508851092859
2.6865e+29 700 0.005 59.537604329652844
2.6865e+29 800 0.005 45.89928350586954
2.6865e+29 900 0.005 33.82693915619376
2.6865e+29 1000 0.005 24.003725103771153
2.6865e+29 1100 0.005 16.82184452052477
2.6865e+29 1200 0.005 12.156855435136961
2.6865e+29 1300 0.005 9.622133961217378
2.6865e+29 1400 0.005 8.902810680778048
2.6865e+29 1500 0.005 9.657617409777906
2.6865e+29 1600 0.005 11.636986765136943
2.6865e+29 1700 0.005 14.799549028427643
2.6865e+29 1800 0.005 19.15440984113085
2.6865e+29 1900 0.005 24.732773074128847
2.6865e+29 2000 0.005 31.795217147652714
2.9850000000000003e+29 300 0.005 104.24098186289658
2.9850000000000003e+29 400 0.005 97.87344515965857
2.9850000000000003e+29 500 0.005 88.8509069898708
2.9850000000000003e+29 600 0.005 77.51024253704249
2.9850000000000003e+29 700 0.005 64.87303306027404
2.9850000000000003e+29 800 0.005 52.25048258333774
2.9850000000000003e+29 900 0.005 40.788242798821436
2.9850000000000003e+29 1000 0.005 31.091249361351075
2.9850000000000003e+29 1100 0.005 23.54582727412738
2.9850000000000003e+29 1200 0.005 18.07513980664606
2.9850000000000003e+29 1300 0.005 14.351917299389843
2.9850000000000003e+29 1400 0.005 12.122655403349397
2.9850000000000003e+29 1500 0.005 11.064500492005319
2.9850000000000003e+29 1600 0.005 10.921967887248192
2.9850000000000003e+29 1700 0.005 11.585001096355485
2.9850000000000003e+29 1800 0.005 12.982002659682852
2.9850000000000003e+29 1900 0.005 15.101935599687565
2.9850000000000003e+29 2000 0.005 18.03321620282732
2.9850000000000005e+28 300 0.0025 49.64056942534607
2.9850000000000005e+28 400 0.0025 144.89718937066868
2.9850000000000005e+28 500 0.0025 2373.0573411112578
2.9850000000000005e+28 600 0.0025 127887.8055405866
2.9850000000000005e+28 700 0.0025 7610576159.854812
2.9850000000000005e+28 800 0.0025 27006352373.37255
2.9850000000000005e+28 900 0.0025 1576244448.9218569
2.9850000000000005e+28 1000 0.0025 11283067290.598934
2.9850000000000005e+28 1100 0.0025 985438985.1352448
2.9850000000000005e+28 1200 0.0025 541997099.0136393
2.9850000000000005e+28 1300 0.0025 1938200130.455933
2.9850000000000005e+28 1400 0.0025 36405251.730181105
2.9850000000000005e+28 1500 0.0025 6254629.210513793
2.9850000000000005e+28 1600 0.0025 1806877.539556915
2.9850000000000005e+28 1700 0.0025 165243.7718275534
2.9850000000000005e+28 1800 0.0025 4931.060198671939
2.9850000000000005e+28 1900 0.0025 99.00216335886577
2.9850000000000005e+28 2000 0.0025 111.31736792353762
5.970000000000001e+28 300 0.0025 76.29867977379851
5.970000000000001e+28 400 0.0025 45.94506786532033
5.970000000000001e+28 500 0.0025 20.292084732038656
5.970000000000001e+28 600 0.0025 58.87097972930695
5.970000000000001e+28 700 0.0025 318.0163374088232
5.970000000000001e+28 800 0.0025 1221.4352359560219
5.970000000000001e+28 900 0.0025 4060.795283058943
5.970000000000001e+28 1000 0.0025 14074.639986403783
5.970000000000001e+28 1100 0.0025 62990.11677898339
5.970000000000001e+28 1200 0.0025 607947.5282383217
5.970000000000001e+28 1300 0.0025 138113212.34115648
5.970000000000001e+28 1400 0.0025 31227692114.159428
5.970000000000001e+28 1500 0.0025 8205834631.437542
5.970000000000001e+28 1600 0.0025 46468980128.71779
5.970000000000001e+28 1700 0.0025 16756336730.224483
5.970000000000001e+28 1800 0.0025 1658573831.168691
5.970000000000001e+28 1900 0.0025 2625748536.025735
5.970000000000001e+28 2000 0.0025 1082527647.7690003
8.955e+28 300 0.0025 89.32829046915741
8.955e+28 400 0.0025 68.6263912522483
8.955e+28 500 0.0025 41.353284510861506
8.955e+28 600 0.0025 16.924265340082158
8.955e+28 700 0.0025 15.157382907783818
8.955e+28 800 0.0025 66.43113468976853
8.955e+28 900 0.0025 214.334306461189
8.955e+28 1000 0.0025 530.7792097496158
8.955e+28 1100 0.0025 1136.0869130713936
8.955e+28 1200 0.0025 2273.39083692778
8.955e+28 1300 0.0025 4452.403771875857
8.955e+28 1400 0.0025 8919.478383505122
8.955e+28 1500 0.0025 19039.77762069917
8.955e+28 1600 0.0025 46202.46002484693
8.955e+28 1700 0.0025 141846.62462317545
8.955e+28 1800 0.0025 704313.1581638413
8.955e+28 1900 0.0025 11795576.48440299
8.955e+28 2000 0.0025 177606768674.35178
1.1940000000000002e+29 300 0.0025 95.67222937369289
1.1940000000000002e+29 400 0.0025 80.60625983051648
1.1940000000000002e+29 500 0.0025 59.32914086727596
1.1940000000000002e+29 600 0.0025 35.05608911141488
1.1940000000000002e+29 700 0.0025 14.77947153190901
1.1940000000000002e+29 800 0.0025 7.89812321669962
1.1940000000000002e+29 900 0.0025 24.61050547026867
1.1940000000000002e+29 1000 0.0025 74.68542335487479
1.1940000000000002e+29 1100 0.0025 170.32135150943637
1.1940000000000002e+29 1200 0.0025 327.4190146241876
1.1940000000000002e+29 1300 0.0025 568.5255055917991
1.1940000000000002e+29 1400 0.0025 932.8046869142374
1.1940000000000002e+29 1500 0.0025 1480.7794793079795
1.1940000000000002e+29 1600 0.0025 2323.230677564098
1.1940000000000002e+29 1700 0.0025 3652.6928221940116
1.1940000000000002e+29 1800 0.0025 5838.139636141095
1.1940000000000002e+29 1900 0.0025 9603.990376036863
1.1940000000000002e+29 2000 0.0025 16582.385088202427
1.4925000000000001e+29 300 0.0025 99.34748612492861
1.4925000000000001e+29 400 0.0025 87.65803864624216
1.4925000000000001e+29 500 0.0025 70.7139686106297
1.4925000000000001e+29 600 0.0025 50.0144337692454
1.4925000000000001e+29 700 0.0025 29.23002083206156
1.4925000000000001e+29 800 0.0025 13.093242768935186
1.4925000000000001e+29 900 0.0025 6.143175498960913
1.4925000000000001e+29 1000 0.0025 12.08882354073452
1.4925000000000001e+29 1100 0.0025 33.77208813398504
1.4925000000000001e+29 1200 0.0025 72.80383828403716
1.4925000000000001e+29 1300 0.0025 132.99102511790053
1.4925000000000001e+29 1400 0.0025 217.47397388609068
1.4925000000000001e+29 1500 0.0025 332.9360896622836
1.4925000000000001e+29 1600 0.0025 487.6676492416057
1.4925000000000001e+29 1700 0.0025 696.7217883043987
1.4925000000000001e+29 1800 0.0025 981.8281215782154
1.4925000000000001e+29 1900 0.0025 1373.6505680559958
1.4925000000000001e+29 2000 0.0025 1924.0235390340126
1.791e+29 300 0.0025 101.7230265917691
1.791e+29 400 0.0025 92.23955479469232
1.791e+29 500 0.0025 78.30737241885448
1.791e+29 600 0.0025 60.74856152994148
1.791e+29 700 0.0025 41.90419426027575
1.791e+29 800 0.0025 24.80675528126316
1.791e+29 900 0.0025 12.248689183582835
1.791e+29 1000 0.0025 6.143154510552236
1.791e+29 1100 0.0025 7.784802722267167
1.791e+29 1200 0.0025 17.789004324215025
1.791e+29 1300 0.0025 36.30759557167687
1.791e+29 1400 0.0025 63.10683097826665
1.791e+29 1500 0.0025 99.52151603390733
1.791e+29 1600 0.0025 146.84548038515314
1.791e+29 1700 0.0025 206.42934090861726
1.791e+29 1800 0.0025 282.7557079679339
1.791e+29 1900 0.0025 378.98037768195655
1.791e+29 2000 0.0025 502.7739013996504
2.0895000000000002e+29 300 0.0025 103.37539219617534
2.0895000000000002e+29 400 0.0025 95.43309450137842
2.0895000000000002e+29 500 0.0025 83.66859189364051
2.0895000000000002e+29 600 0.0025 68.57773169488924
2.0895000000000002e+29 700 0.0025 51.8277561052051
2.0895000000000002e+29 800 0.0025 35.62411847175026
2.0895000000000002e+29 900 0.0025 21.98704172185883
2.0895000000000002e+29 1000 0.0025 12.182360807142041
2.0895000000000002e+29 1100 0.0025 7.062723552896844
2.0895000000000002e+29 1200 0.0025 6.819266729806414
2.0895000000000002e+29 1300 0.0025 11.278232108355661
2.0895000000000002e+29 1400 0.0025 20.279310063732215
2.0895000000000002e+29 1500 0.0025 33.62400327354978
2.0895000000000002e+29 1600 0.0025 50.73952298614458
2.0895000000000002e+29 1700 0.0025 72.49661294892113
2.0895000000000002e+29 1800 0.0025 99.72311800312377
2.0895000000000002e+29 1900 0.0025 133.22412815850018
2.0895000000000002e+29 2000 0.0025 173.83391344505333
2.3880000000000004e+29 300 0.0025 104.58652079277718
2.3880000000000004e+29 400 0.0025 97.7762603260876
2.3880000000000004e+29 500 0.0025 87.63155825651066
2.3880000000000004e+29 600 0.0025 74.46965630852446
2.3880000000000004e+29 700 0.0025 59.562785987288656
2.3880000000000004e+29 800 0.0025 44.63731145813814
2.3880000000000004e+29 900 0.0025 31.287854121611506
2.3880000000000004e+29 1000 0.0025 20.475744600211105
2.3880000000000004e+29 1100 0.0025 12.886547364639277
2.3880000000000004e+29 1200 0.0025 8.620502301408669
2.3880000000000004e+29 1300 0.0025 7.450305574365294
2.3880000000000004e+29 1400 0.0025 9.154316039894248
2.3880000000000004e+29 1500 0.0025 13.40424934901788
2.3880000000000004e+29 1600 0.0025 19.942924052594
2.3880000000000004e+29 1700 0.0025 28.76175806689746
2.3880000000000004e+29 1800 0.0025 39.78282763002023
2.3880000000000004e+29 1900 0.0025 52.96532891344393
2.3880000000000004e+29 2000 0.0025 69.16908658723021
2.6865e+29 300 0.0025 105.50971527492533
2.6865e+29 400 0.0025 99.56339548380383
2.6865e+29 500 0.0025 90.66872290112406
2.6865e+29 600 0.0025 79.036146128054
2.6865e+29 700 0.0025 65.68271145319272
2.6865e+29 800 0.0025 52.024098959771955
2.6865e+29 900 0.0025 39.384884962818255
2.6865e+29 1000 0.0025 28.553439523249118
2.6865e+29 1100 0.0025 20.131232211455405
2.6865e+29 1200 0.0025 14.20732151121421
2.6865e+29 1300 0.0025 10.578588268101646
2.6865e+29 1400 0.0025 9.061843347504514
2.6865e+29 1500 0.0025 9.340487013807564
2.6865e+29 1600 0.0025 11.125844729187458
2.6865e+29 1700 0.0025 14.28363320294244
2.6865e+29 1800 0.0025 18.735284511238437
2.6865e+29 1900 0.0025 24.441690221436797
2.6865e+29 2000 0.0025 31.614072103384327
2.9850000000000003e+29 300 0.0025 106.23516048353508
2.9850000000000003e+29 400 0.0025 100.96825382432851
2.9850000000000003e+29 500 0.0025 93.06432831409461
2.9850000000000003e+29 600 0.0025 82.66575247092875
2.9850000000000003e+29 700 0.0025 70.61300217486513
2.9850000000000003e+29 800 0.0025 58.10419793379842
2.9850000000000003e+29 900 0.0025 46.27590426133979
2.9850000000000003e+29 1000 0.0025 35.804228676221136
2.9850000000000003e+29 1100 0.0025 27.237115480853436
2.9850000000000003e+29 1200 0.0025 20.67112269048157
2.9850000000000003e+29 1300 0.0025 15.93917759690292
2.9850000000000003e+29 1400 0.0025 12.908900839867178
2.9850000000000003e+29 1500 0.0025 11.302234641220323
2.9850000000000003e+29 1600 0.0025 10.850832051725613
2.9850000000000003e+29 1700 0.0025 11.38696253475788
2.9850000000000003e+29 1800 0.0025 12.770447415130544
2.9850000000000003e+29 1900 0.0025 14.933206686876778
2.9850000000000003e+29 2000 0.0025 17.918106058093482
2.9850000000000005e+28 300 0.0075 53.8321217531327
2.9850000000000005e+28 400 0.0075 219.00756262060975
2.9850000000000005e+28 500 0.0075 2765.238926616647
2.9850000000000005e+28 600 0.0075 131010.3366826741
2.9850000000000005e+28 700 0.0075 7611439708.899183
2.9850000000000005e+28 800 0.0075 27008198464.99756
2.9850000000000005e+28 900 0.0075 1576685753.4962611
2.9850000000000005e+28 1000 0.0075 11284230058.530205
2.9850000000000005e+28 1100 0.0075 985719651.9137183
2.9850000000000005e+28 1200 0.0075 542149563.4551893
2.9850000000000005e+28 1300 0.0075 1938338274.9525425
2.9850000000000005e+28 1400 0.0075 36418071.827520475
2.9850000000000005e+28 1500 0.0075 6254979.796783298
2.9850000000000005e+28 1600 0.0075 1807083.1823591883
2.9850000000000005e+28 1700 0.0075 165265.2389757298
2.9850000000000005e+28 1800 0.0075 4931.266493951523
2.9850000000000005e+28 1900 0.0075 99.00221543049976
2.9850000000000005e+28 2000 0.0075 111.31736776451943
5.970000000000001e+28 300 0.0075 63.32655413411515
5.970000000000001e+28 400 0.0075 32.729130976613696
5.970000000000001e+28 500 0.0075 19.344943045367554
5.970000000000001e+28 600 0.0075 89.98284190188049
5.970000000000001e+28 700 0.0075 410.1709038360518
5.970000000000001e+28 800 0.0075 1411.69162954858
5.970000000000001e+28 900 0.0075 4394.265591010572
5.970000000000001e+28 1000 0.0075 14618.235793021007
5.970000000000001e+28 1100 0.0075 63898.403906805106
5.970000000000001e+28 1200 0.0075 609917.3350530904
5.970000000000001e+28 1300 0.0075 138132830.79606813
5.970000000000001e+28 1400 0.0075 31227936473.069817
5.970000000000001e+28 1500 0.0075 8205911080.352254
5.970000000000001e+28 1600 0.0075 46469093759.13103
5.970000000000001e+28 1700 0.0075 16756369137.892395
5.970000000000001e+28 1800 0.0075 1658577617.1119912
5.970000000000001e+28 1900 0.0075 2625750162.1508374
5.970000000000001e+28 2000 0.0075 1082527896.0868213
8.955e+28 300 0.0075 78.77384641161137
8.955e+28 400 0.0075 54.5201810939259
8.955e+28 500 0.0075 27.532203124369246
8.955e+28 600 0.0075 9.914582023505934
8.955e+28 700 0.0075 22.836926632940067
8.955e+28 800 0.0075 95.01305438978656
8.955e+28 900 0.0075 268.8708990146874
8.955e+28 1000 0.0075 612.2217428407986
8.955e+28 1100 0.0075 1239.3116120123545
8.955e+28 1200 0.0075 2390.1200335568456
8.955e+28 1300 0.0075 4571.569424147402
8.955e+28 1400 0.0075 9030.730118778138
8.955e+28 1500 0.0075 19136.126590639222
8.955e+28 1600 0.0075 46281.69158589101
8.955e+28 1700 0.0075 141912.61212230654
8.955e+28 1800 0.0075 704373.4015277028
8.955e+28 1900 0.0075 11795666.964250024
8.955e+28 2000 0.0075 177606774162.0108
1.1940000000000002e+29 300 0.0075 87.23502586643951
1.1940000000000002e+29 400 0.0075 68.57252993244458
1.1940000000000002e+29 500 0.0075 45.440871206272334
1.1940000000000002e+29 600 0.0075 22.478463226281338
1.1940000000000002e+29 700 0.0075 7.386437586044956
1.1940000000000002e+29 800 0.0075 9.351476189412953
1.1940000000000002e+29 900 0.0075 36.766509526200025
1.1940000000000002e+29 1000 0.0075 98.0473815678028
1.1940000000000002e+29 1100 0.0075 202.528632880405
1.1940000000000002e+29 1200 0.0075 365.02756110299225
1.1940000000000002e+29 1300 0.0075 606.7539574919059
1.1940000000000002e+29 1400 0.0075 967.2261717946249
1.1940000000000002e+29 1500 0.0075 1508.4910360840772
1.1940000000000002e+29 1600 0.0075 2343.456520900177
1.1940000000000002e+29 1700 0.0075 3666.228316954514
1.1940000000000002e+29 1800 0.0075 5846.275532575089
1.1940000000000002e+29 1900 0.0075 9608.44411473906
1.1940000000000002e+29 2000 0.0075 16584.6326061228
1.4925000000000001e+29 300 0.0075 92.40948400542068
1.4925000000000001e+29 400 0.0075 77.47285623647127
1.4925000000000001e+29 500 0.0075 58.21797785132864
1.4925000000000001e+29 600 0.0075 37.08511283508234
1.4925000000000001e+29 700 0.0075 18.263434398140788
1.4925000000000001e+29 800 0.0075 6.441912504852623
1.4925000000000001e+29 900 0.0075 5.496381025753236
1.4925000000000001e+29 1000 0.0075 18.00519842040366
1.4925000000000001e+29 1100 0.0075 44.865019810348485
1.4925000000000001e+29 1200 0.0075 87.78302254859082
1.4925000000000001e+29 1300 0.0075 149.33791711026294
1.4925000000000001e+29 1400 0.0075 232.73549673196715
1.4925000000000001e+29 1500 0.0075 345.55443970156705
1.4925000000000001e+29 1600 0.0075 497.0606566907341
1.4925000000000001e+29 1700 0.0075 703.0703634010927
1.4925000000000001e+29 1800 0.0075 985.6672049648
1.4925000000000001e+29 1900 0.0075 1375.748429529085
1.4925000000000001e+29 2000 0.0075 1925.072278090223
1.791e+29 300 0.0075 95.86470836259151
1.791e+29 400 0.0075 83.49756715273983
1.791e+29 500 0.0075 67.230505533331
1.791e+29 600 0.0075 48.57984641005534
1.791e+29 700 0.0075 30.31046758993936
1.791e+29 800 0.0075 15.500566825672722
1.791e+29 900 0.0075 6.584282255646018
1.791e+29 1000 0.0075 4.786420853809996
1.791e+29 1100 0.0075 10.479798352412816
1.791e+29 1200 0.0075 23.5373175984783
1.791e+29 1300 0.0075 43.47051960346292
1.791e+29 1400 0.0075 70.52872720179218
1.791e+29 1500 0.0075 106.07633655461972
1.791e+29 1600 0.0075 151.8883782045888
1.791e+29 1700 0.0075 209.97564240608335
1.791e+29 1800 0.0075 284.9803738640104
1.791e+29 1900 0.0075 380.2337456626016
1.791e+29 2000 0.0075 503.42298936459326
2.0895000000000002e+29 300 0.0075 98.32214933364672
2.0895000000000002e+29 400 0.0075 87.81212234397525
2.0895000000000002e+29 500 0.0075 73.8157615348441
2.0895000000000002e+29 600 0.0075 57.3748164009735
2.0895000000000002e+29 700 0.0075 40.51914453796514
2.0895000000000002e+29 800 0.0075 25.54543579063994
2.0895000000000002e+29 900 0.0075 14.276865971919248
2.0895000000000002e+29 1000 0.0075 7.531126818317283
2.0895000000000002e+29 1100 0.0075 5.51467445266816
2.0895000000000002e+29 1200 0.0075 7.864947360541689
2.0895000000000002e+29 1300 0.0075 14.059251341114905
2.0895000000000002e+29 1400 0.0075 23.803515639549335
2.0895000000000002e+29 1500 0.0075 37.07490903286654
2.0895000000000002e+29 1600 0.0075 53.561073649720846
2.0895000000000002e+29 1700 0.0075 74.58736392895774
2.0895000000000002e+29 1800 0.0075 101.09690464349254
2.0895000000000002e+29 1900 0.0075 134.02955011480492
2.0895000000000002e+29 2000 0.0075 174.26901927784994
2.3880000000000004e+29 300 0.0075 100.15319503236817
2.3880000000000004e+29 400 0.0075 91.04002529731498
2.3880000000000004e+29 500 0.0075 78.80062249102694
2.3880000000000004e+29 600 0.0075 64.19974401251804
2.3880000000000004e+29 700 0.0075 48.82763134136596
2.3880000000000004e+29 800 0.0075 34.52484953803227
2.3880000000000004e+29 900 0.0075 22.78114762088322
2.3880000000000004e+29 1000 0.0075 14.252944695329122
2.3880000000000004e+29 1100 0.0075 9.148375443827012
2.3880000000000004e+29 1200 0.0075 7.133058304329375
2.3880000000000004e+29 1300 0.0075 7.673715195049712
2.3880000000000004e+29 1400 0.0075 10.387760739473714
2.3880000000000004e+29 1500 0.0075 15.014881648847313
2.3880000000000004e+29 1600 0.0075 21.473940496707662
2.3880000000000004e+29 1700 0.0075 29.989683606856442
2.3880000000000004e+29 1800 0.0075 40.631409685299595
2.3880000000000004e+29 1900 0.0075 53.49247940027945
2.3880000000000004e+29 2000 0.0075 69.46766699013426
2.6865e+29 300 0.0075 101.56685342244937
2.6865e+29 400 0.0075 93.53879394926274
2.6865e+29 500 0.0075 82.68918222982678
2.6865e+29 600 0.0075 69.6062285489925
2.6865e+29 700 0.0075 55.59036144864385
2.6865e+29 800 0.0075 42.18244923639741
2.6865e+29 900 0.0075 30.65795377143636
2.6865e+29 1000 0.0075 21.591682852623503
2.6865e+29 1100 0.0075 15.218939758767032
2.6865e+29 1200 0.0075 11.275765124095948
2.6865e+29 1300 0.0075 9.286960191877153
2.6865e+29 1400 0.0075 8.900184160450438
2.6865e+29 1500 0.0075 9.8032310420848
2.6865e+29 1600 0.0075 11.807280945768865
2.6865e+29 1700 0.0075 14.936328004278499
2.6865e+29 1800 0.0075 19.242289459545646
2.6865e+29 1900 0.0075 24.77950293829946
2.6865e+29 2000 0.0075 31.81677154352056
2.9850000000000003e+29 300 0.0075 102.68919729240552
2.9850000000000003e+29 400 0.0075 95.52639301227858
2.9850000000000003e+29 500 0.0075 85.7990550582615
2.9850000000000003e+29 600 0.0075 73.97543070415632
2.9850000000000003e+29 700 0.0075 61.15147451014885
2.9850000000000003e+29 800 0.0075 48.654904315669484
2.9850000000000003e+29 900 0.0075 37.60831789948747
2.9850000000000003e+29 1000 0.0075 28.53552133424986
2.9850000000000003e+29 1100 0.0075 21.695699090887704
2.9850000000000003e+29 1200 0.0075 16.891558239774024
2.9850000000000003e+29 1300 0.0075 13.711743202947702
2.9850000000000003e+29 1400 0.0075 11.855663213559367
2.9850000000000003e+29 1500 0.0075 11.010730396721726
2.9850000000000003e+29 1600 0.0075 10.959963330616544
2.9850000000000003e+29 1700 0.0075 11.643064949849053
2.9850000000000003e+29 1800 0.0075 13.029394630380713
2.9850000000000003e+29 1900 0.0075 15.13057716949228
2.9850000000000003e+29 2000 0.0075 18.04776668219909
