# mass(g) temperature(K) clouds reduced_chi_squared
5.970000000000001e+28 300 None 24.411513922852357
5.970000000000001e+28 400 None 55.871442331157034
5.970000000000001e+28 500 None 135.11617957441533
5.970000000000001e+28 600 None 340.0848363692209
5.970000000000001e+28 700 None 846.1047357735722
5.970000000000001e+28 800 None 2103.1532830483397
5.970000000000001e+28 900 None 5457.526817903215
5.970000000000001e+28 1000 None 16340.103688033856
5.970000000000001e+28 1100 None 67135.59427366323
5.970000000000001e+28 1200 None 619009.5133571769
5.970000000000001e+28 1300 None 138256342.0290632
5.970000000000001e+28 1400 None 31240653667.3897
5.970000000000001e+28 1500 None 8210514862.464129
5.970000000000001e+28 1600 None 46485439017.57795
5.970000000000001e+28 1700 None 16761680629.019535
5.970000000000001e+28 1800 None 1659359848.2205544
5.970000000000001e+28 1900 None 2626161489.9756393
5.970000000000001e+28 2000 None 1082541931.4212391
1.1940000000000002e+29 300 None 7.261161570958275
1.1940000000000002e+29 400 None 6.462104201815369
1.1940000000000002e+29 500 None 9.990623583580335
1.1940000000000002e+29 600 None 21.863516680339092
1.1940000000000002e+29 700 None 48.04631301938478
1.1940000000000002e+29 800 None 94.52637285145275
1.1940000000000002e+29 900 None 165.7552070646863
1.1940000000000002e+29 1000 None 271.9830690504623
1.1940000000000002e+29 1100 None 420.9931873051639
1.1940000000000002e+29 1200 None 631.1176247730153
1.1940000000000002e+29 1300 None 926.8383795596051
1.1940000000000002e+29 1400 None 1352.6343058435095
1.1940000000000002e+29 1500 None 1975.0272064810424
1.1940000000000002e+29 1600 None 2912.9221409848687
1.1940000000000002e+29 1700 None 4368.248498751233
1.1940000000000002e+29 1800 None 6722.717141427523
1.1940000000000002e+29 1900 None 10721.910115882169
1.1940000000000002e+29 2000 None 18036.19145553257
1.791e+29 300 None 8.816808825200198
1.791e+29 400 None 5.390550015559651
1.791e+29 500 None 3.3947757835612804
1.791e+29 600 None 3.7557751763590983
1.791e+29 700 None 7.846848319115926
1.791e+29 800 None 16.560458041266582
1.791e+29 900 None 30.31662790260143
1.791e+29 1000 None 49.937138368298264
1.791e+29 1100 None 75.05234756226992
1.791e+29 1200 None 106.09851301562675
1.791e+29 1300 None 143.3621444796248
1.791e+29 1400 None 188.15201368843591
1.791e+29 1500 None 242.45852692407223
1.791e+29 1600 None 308.8224844391711
1.791e+29 1700 None 389.31130503693174
1.791e+29 1800 None 488.92690271651963
1.791e+29 1900 None 611.4100040379162
1.791e+29 2000 None 764.6747201083274
2.3880000000000004e+29 300 None 10.94779281399638
2.3880000000000004e+29 400 None 7.382143836089496
2.3880000000000004e+29 500 None 4.486193536980992
2.3880000000000004e+29 600 None 2.5093376321794874
2.3880000000000004e+29 700 None 2.083854299809025
2.3880000000000004e+29 800 None 3.729760825730819
2.3880000000000004e+29 900 None 7.540545564924966
2.3880000000000004e+29 1000 None 13.555466623308188
2.3880000000000004e+29 1100 None 21.271728033228573
2.3880000000000004e+29 1200 None 30.32886592657279
2.3880000000000004e+29 1300 None 40.7629136009244
2.3880000000000004e+29 1400 None 52.71145956429305
2.3880000000000004e+29 1500 None 66.29815306625338
2.3880000000000004e+29 1600 None 81.79797653491984
2.3880000000000004e+29 1700 None 99.58369329261193
2.3880000000000004e+29 1800 None 119.91378252939884
2.3880000000000004e+29 1900 None 142.6935215179713
2.3880000000000004e+29 2000 None 168.9919155094048
2.9850000000000003e+29 300 None 12.653904201927393
2.9850000000000003e+29 400 None 9.342674679548551
2.9850000000000003e+29 500 None 6.4184012278031775
2.9850000000000003e+29 600 None 3.913872669199907
2.9850000000000003e+29 700 None 2.212491642694556
2.9850000000000003e+29 800 None 1.6478988045044474
2.9850000000000003e+29 900 None 2.3238694312051935
2.9850000000000003e+29 1000 None 4.178144890937627
2.9850000000000003e+29 1100 None 6.944830441554842
2.9850000000000003e+29 1200 None 10.438115456440075
2.9850000000000003e+29 1300 None 14.476984144580689
2.9850000000000003e+29 1400 None 19.00324923321304
2.9850000000000003e+29 1500 None 24.00061200255624
2.9850000000000003e+29 1600 None 29.306063340726876
2.9850000000000003e+29 1700 None 35.221510711926534
2.9850000000000003e+29 1800 None 41.79364322910965
2.9850000000000003e+29 1900 None 49.06298953885467
2.9850000000000003e+29 2000 None 57.16876248274669
3.582e+29 300 None 13.968933070015378
3.582e+29 400 None 10.961062600878341
3.582e+29 500 None 8.207410787898436
3.582e+29 600 None 5.655638053062501
3.582e+29 700 None 3.5742686923190603
3.582e+29 800 None 2.215864288067911
3.582e+29 900 None 1.7038851110115856
3.582e+29 1000 None 1.9597273073840087
3.582e+29 1100 None 2.8316756045017564
3.582e+29 1200 None 4.171851339872639
3.582e+29 1300 None 5.816135923775459
3.582e+29 1400 None 7.700079981999122
3.582e+29 1500 None 9.808320631739317
3.582e+29 1600 None 12.12126342327627
3.582e+29 1700 None 14.684205000551392
3.582e+29 1800 None 17.504781775294546
3.582e+29 1900 None 20.547265517771233
3.582e+29 2000 None 23.733507969289235
4.1790000000000005e+29 300 None 14.995247264469908
4.1790000000000005e+29 400 None 12.26757560741954
4.1790000000000005e+29 500 None 9.721964078392999
4.1790000000000005e+29 600 None 7.2693999488803325
4.1790000000000005e+29 700 None 5.11441277739299
4.1790000000000005e+29 800 None 3.4639311692189607
4.1790000000000005e+29 900 None 2.4523828044560885
4.1790000000000005e+29 1000 None 2.002549988707487
4.1790000000000005e+29 1100 None 2.03188704407195
4.1790000000000005e+29 1200 None 2.4247373017071405
4.1790000000000005e+29 1300 None 3.0374936069523444
4.1790000000000005e+29 1400 None 3.8136335705151
4.1790000000000005e+29 1500 None 4.727977992531212
4.1790000000000005e+29 1600 None 5.75248079051743
4.1790000000000005e+29 1700 None 6.905243381766703
4.1790000000000005e+29 1800 None 8.18421491304235
4.1790000000000005e+29 1900 None 9.565381674743424
4.1790000000000005e+29 2000 None 11.09360995426139
4.776000000000001e+29 300 None 15.812622902312583
4.776000000000001e+29 400 None 13.329121074530049
4.776000000000001e+29 500 None 10.984279298645092
4.776000000000001e+29 600 None 8.673180154575157
4.776000000000001e+29 700 None 6.560121638842022
4.776000000000001e+29 800 None 4.822003229625885
4.776000000000001e+29 900 None 3.5973409847049074
4.776000000000001e+29 1000 None 2.8141586155953906
4.776000000000001e+29 1100 None 2.4328750499978944
4.776000000000001e+29 1200 None 2.361648753648494
4.776000000000001e+29 1300 None 2.4740187438044132
4.776000000000001e+29 1400 None 2.7220469440290613
4.776000000000001e+29 1500 None 3.076907126933217
4.776000000000001e+29 1600 None 3.5090353921603556
4.776000000000001e+29 1700 None 4.0234351244918
4.776000000000001e+29 1800 None 4.616206825272811
4.776000000000001e+29 1900 None 5.27122534971771
4.776000000000001e+29 2000 None 6.011542517700543
5.373e+29 300 None 16.476636731456097
5.373e+29 400 None 14.202903275694059
5.373e+29 500 None 12.039718510351273
5.373e+29 600 None 9.87604762370072
5.373e+29 700 None 7.8487227707104115
5.373e+29 800 None 6.112899308946618
5.373e+29 900 None 4.807020656537555
5.373e+29 1000 None 3.864773246961057
5.373e+29 1100 None 3.2741512071360646
5.373e+29 1200 None 2.9607700825022985
5.373e+29 1300 None 2.8119101695080455
5.373e+29 1400 None 2.7868396148041756
5.373e+29 1500 None 2.855327100657239
5.373e+29 1600 None 2.9882705219307084
5.373e+29 1700 None 3.18344049356906
5.373e+29 1800 None 3.436920036179909
5.373e+29 1900 None 3.7374437004133614
5.373e+29 2000 None 4.096736035767105
5.970000000000001e+28 300 0.001 13.055091605632681
5.970000000000001e+28 400 0.001 7.6940755813533315
5.970000000000001e+28 500 0.001 19.9869672925817
5.970000000000001e+28 600 0.001 108.56208779410224
5.970000000000001e+28 700 0.001 432.04148336569455
5.970000000000001e+28 800 0.001 1420.9133059201229
5.970000000000001e+28 900 0.001 4397.823556811566
5.970000000000001e+28 1000 0.001 14701.26838644906
5.970000000000001e+28 1100 0.001 64421.436324544346
5.970000000000001e+28 1200 0.001 612928.9347394456
5.970000000000001e+28 1300 0.001 138191143.00731894
5.970000000000001e+28 1400 0.001 31239757919.561245
5.970000000000001e+28 1500 0.001 8210189276.813271
5.970000000000001e+28 1600 0.001 46484865072.206764
5.970000000000001e+28 1700 0.001 16761475888.019495
5.970000000000001e+28 1800 0.001 1659327312.9101706
5.970000000000001e+28 1900 0.001 2626142228.8300934
5.970000000000001e+28 2000 0.001 1082537617.9092047
1.1940000000000002e+29 300 0.001 18.109043891130618
1.1940000000000002e+29 400 0.001 13.686707568931368
1.1940000000000002e+29 500 0.001 8.29865643468371
1.1940000000000002e+29 600 0.001 5.124921485193479
1.1940000000000002e+29 700 0.001 10.095139204533645
1.1940000000000002e+29 800 0.001 31.283960709061088
1.1940000000000002e+29 900 0.001 76.95508844248131
1.1940000000000002e+29 1000 0.001 159.92071617977462
1.1940000000000002e+29 1100 0.001 292.67499377196106
1.1940000000000002e+29 1200 0.001 494.6591201133221
1.1940000000000002e+29 1300 0.001 791.7732654836037
1.1940000000000002e+29 1400 0.001 1227.2298303574753
1.1940000000000002e+29 1500 0.001 1865.3407153331593
1.1940000000000002e+29 1600 0.001 2821.794451281878
1.1940000000000002e+29 1700 0.001 50
1.1940000000000002e+29 1800 0.001 50
1.1940000000000002e+29 1900 0.001 50
1.1940000000000002e+29 2000 0.001 50
1.791e+29 300 0.001 19.82734721721096
1.791e+29 400 0.001 16.917644603756326
1.791e+29 500 0.001 12.777540432472641
1.791e+29 600 0.001 8.191673617134711
1.791e+29 700 0.001 4.7655602396108145
1.791e+29 800 0.001 4.50085201145884
1.791e+29 900 0.001 9.305695798804486
1.791e+29 1000 0.001 20.919124749618287
1.791e+29 1100 0.001 39.79569862156858
1.791e+29 1200 0.001 67.59682884302988
1.791e+29 1300 0.001 50
1.791e+29 1400 0.001 50
1.791e+29 1500 0.001 50
1.791e+29 1600 0.001 50
1.791e+29 1700 0.001 50
1.791e+29 1800 0.001 50
1.791e+29 1900 0.001 50
1.791e+29 2000 0.001 50
2.3880000000000004e+29 300 0.001 20.64609411234176
2.3880000000000004e+29 400 0.001 18.529399923068866
2.3880000000000004e+29 500 0.001 15.379223029053643
2.3880000000000004e+29 600 0.001 11.488910708928795
2.3880000000000004e+29 700 0.001 7.594276374275825
2.3880000000000004e+29 800 0.001 4.6244754737949965
2.3880000000000004e+29 900 0.001 3.4323050070553363
2.3880000000000004e+29 1000 0.001 4.672527144346355
2.3880000000000004e+29 1100 0.001 8.730663340586847
2.3880000000000004e+29 1200 0.001 15.811323219884507
2.3880000000000004e+29 1300 0.001 25.617599873853298
2.3880000000000004e+29 1400 0.001 37.98439071821721
2.3880000000000004e+29 1500 0.001 52.986731757372056
2.3880000000000004e+29 1600 0.001 50
2.3880000000000004e+29 1700 0.001 50
2.3880000000000004e+29 1800 0.001 50
2.3880000000000004e+29 1900 0.001 50
2.3880000000000004e+29 2000 0.001 50
2.9850000000000003e+29 300 0.001 21.117176287063405
2.9850000000000003e+29 400 0.001 19.471822018600218
2.9850000000000003e+29 500 0.001 16.971040569654694
2.9850000000000003e+29 600 0.001 13.743722383245096
2.9850000000000003e+29 700 0.001 10.216069464609344
2.9850000000000003e+29 800 0.001 6.950529046263355
2.9850000000000003e+29 900 0.001 4.470082793283028
2.9850000000000003e+29 1000 0.001 3.1477663641242777
2.9850000000000003e+29 1100 0.001 3.227526838088203
2.9850000000000003e+29 1200 0.001 4.800202361472564
2.9850000000000003e+29 1300 0.001 7.766456995158116
2.9850000000000003e+29 1400 0.001 12.039814578430969
2.9850000000000003e+29 1500 0.001 17.44333627095439
2.9850000000000003e+29 1600 0.001 23.650470085957874
2.9850000000000003e+29 1700 0.001 30.495103335782566
2.9850000000000003e+29 1800 0.001 38.060112529636854
2.9850000000000003e+29 1900 0.001 46.26722570531226
2.9850000000000003e+29 2000 0.001 55.16524547716464
3.582e+29 300 0.001 21.42049137430634
3.582e+29 400 0.001 20.083647313443734
3.582e+29 500 0.001 18.02678831735484
3.582e+29 600 0.001 15.308787158510738
3.582e+29 700 0.001 12.210648547494719
3.582e+29 800 0.001 9.122737011293747
3.582e+29 900 0.001 6.417347403491832
3.582e+29 1000 0.001 4.352908835059574
3.582e+29 1100 0.001 3.123860775189035
3.582e+29 1200 0.001 2.799949146575201
3.582e+29 1300 0.001 3.311571149975978
3.582e+29 1400 0.001 4.609920740547413
3.582e+29 1500 0.001 6.581941044152424
3.582e+29 1600 0.001 9.088265456916519
3.582e+29 1700 0.001 12.03520846186946
3.582e+29 1800 0.001 15.33104744319016
3.582e+29 1900 0.001 18.86475682052826
3.582e+29 2000 0.001 22.504828662065016
4.1790000000000005e+29 300 0.001 21.63087724077736
4.1790000000000005e+29 400 0.001 20.510201964604367
4.1790000000000005e+29 500 0.001 18.77203660596418
4.1790000000000005e+29 600 0.001 16.440960302969145
4.1790000000000005e+29 700 0.001 13.717922419749545
4.1790000000000005e+29 800 0.001 10.896613276519458
4.1790000000000005e+29 900 0.001 8.264519924194502
4.1790000000000005e+29 1000 0.001 6.019751390506763
4.1790000000000005e+29 1100 0.001 4.329865485431663
4.1790000000000005e+29 1200 0.001 3.258803534406272
4.1790000000000005e+29 1300 0.001 2.7605134638456987
4.1790000000000005e+29 1400 0.001 2.8144578384685297
4.1790000000000005e+29 1500 0.001 3.3494789969792387
4.1790000000000005e+29 1600 0.001 4.263356136468776
4.1790000000000005e+29 1700 0.001 5.486775138723131
4.1790000000000005e+29 1800 0.001 6.944232370552355
4.1790000000000005e+29 1900 0.001 8.558301402332669
4.1790000000000005e+29 2000 0.001 10.316162330283905
4.776000000000001e+29 300 0.001 21.784728966827796
4.776000000000001e+29 400 0.001 20.82324958296528
4.776000000000001e+29 500 0.001 19.323446040747783
4.776000000000001e+29 600 0.001 17.291551733576167
4.776000000000001e+29 700 0.001 14.879439527719839
4.776000000000001e+29 800 0.001 12.319928139396119
4.776000000000001e+29 900 0.001 9.846359389871392
4.776000000000001e+29 1000 0.001 7.619673554778702
4.776000000000001e+29 1100 0.001 5.788875104603659
4.776000000000001e+29 1200 0.001 4.414817910240739
4.776000000000001e+29 1300 0.001 3.4672392029751524
4.776000000000001e+29 1400 0.001 2.9436419935958082
4.776000000000001e+29 1500 0.001 2.799004815041889
4.776000000000001e+29 1600 0.001 2.956712604408276
4.776000000000001e+29 1700 0.001 3.365158333814735
4.776000000000001e+29 1800 0.001 3.964093875781801
4.776000000000001e+29 1900 0.001 4.697881710510102
4.776000000000001e+29 2000 0.001 5.541380333733002
5.373e+29 300 0.001 21.901771295057582
5.373e+29 400 0.001 21.062039381497158
5.373e+29 500 0.001 19.746496192882045
5.373e+29 600 0.001 17.95099049041835
5.373e+29 700 0.001 15.79497923384031
5.373e+29 800 0.001 13.469851943992383
5.373e+29 900 0.001 11.17142190869024
5.373e+29 1000 0.001 9.035294145311436
5.373e+29 1100 0.001 7.196131655936076
5.373e+29 1200 0.001 5.71207487306987
5.373e+29 1300 0.001 4.5633134713291
5.373e+29 1400 0.001 3.7586116731408175
5.373e+29 1500 0.001 3.2695857991526664
5.373e+29 1600 0.001 3.0372602277576184
5.373e+29 1700 0.001 3.022429404080795
5.373e+29 1800 0.001 3.1767597419761358
5.373e+29 1900 0.001 3.4589547987227407
5.373e+29 2000 0.001 3.839861810520429
5.970000000000001e+28 300 0.005 10.205859229782025
5.970000000000001e+28 400 0.005 11.572013187138868
5.970000000000001e+28 500 0.005 46.00336167532716
5.970000000000001e+28 600 0.005 188.16612363916772
5.970000000000001e+28 700 0.005 615.2880096239967
5.970000000000001e+28 800 0.005 50
5.970000000000001e+28 900 0.005 50
5.970000000000001e+28 1000 0.005 50
5.970000000000001e+28 1100 0.005 50
5.970000000000001e+28 1200 0.005 50
5.970000000000001e+28 1300 0.005 50
5.970000000000001e+28 1400 0.005 50
5.970000000000001e+28 1500 0.005 50
5.970000000000001e+28 1600 0.005 50
5.970000000000001e+28 1700 0.005 50
5.970000000000001e+28 1800 0.005 50
5.970000000000001e+28 1900 0.005 50
5.970000000000001e+28 2000 0.005 50
1.1940000000000002e+29 300 0.005 14.500839243097163
1.1940000000000002e+29 400 0.005 9.260542738954305
1.1940000000000002e+29 500 0.005 4.999811917789297
1.1940000000000002e+29 600 0.005 6.686021415988995
1.1940000000000002e+29 700 0.005 21.407013949181945
1.1940000000000002e+29 800 0.005 56.51979091778302
1.1940000000000002e+29 900 0.005 121.47165614882967
1.1940000000000002e+29 1000 0.005 50
1.1940000000000002e+29 1100 0.005 50
1.1940000000000002e+29 1200 0.005 50
1.1940000000000002e+29 1300 0.005 50
1.1940000000000002e+29 1400 0.005 50
1.1940000000000002e+29 1500 0.005 50
1.1940000000000002e+29 1600 0.005 50
1.1940000000000002e+29 1700 0.005 50
1.1940000000000002e+29 1800 0.005 50
1.1940000000000002e+29 1900 0.005 50
1.1940000000000002e+29 2000 0.005 50
1.791e+29 300 0.005 17.13817420229443
1.791e+29 400 0.005 13.129099419107149
1.791e+29 500 0.005 8.432138768962886
1.791e+29 600 0.005 4.518611654965567
1.791e+29 700 0.005 3.5123280648832704
1.791e+29 800 0.005 7.562598100401267
1.791e+29 900 0.005 18.218435902648263
1.791e+29 1000 0.005 35.75599821757035
1.791e+29 1100 0.005 60.78191116638011
1.791e+29 1200 0.005 50
1.791e+29 1300 0.005 50
1.791e+29 1400 0.005 50
1.791e+29 1500 0.005 50
1.791e+29 1600 0.005 50
1.791e+29 1700 0.005 50
1.791e+29 1800 0.005 50
1.791e+29 1900 0.005 50
1.791e+29 2000 0.005 50
2.3880000000000004e+29 300 0.005 18.56310288873366
2.3880000000000004e+29 400 0.005 15.461919019051683
2.3880000000000004e+29 500 0.005 11.506444759183411
2.3880000000000004e+29 600 0.005 7.366643756121313
2.3880000000000004e+29 700 0.005 4.09479360626127
2.3880000000000004e+29 800 0.005 2.754485009885449
2.3880000000000004e+29 900 0.005 4.081983638904789
2.3880000000000004e+29 1000 0.005 8.400251321741942
2.3880000000000004e+29 1100 0.005 15.539261500430818
2.3880000000000004e+29 1200 0.005 25.059568907633366
2.3880000000000004e+29 1300 0.005 36.35097079418498
2.3880000000000004e+29 1400 0.005 49.442969757629385
2.3880000000000004e+29 1500 0.005 64.14369506378914
2.3880000000000004e+29 1600 0.005 50
2.3880000000000004e+29 1700 0.005 50
2.3880000000000004e+29 1800 0.005 50
2.3880000000000004e+29 1900 0.005 50
2.3880000000000004e+29 2000 0.005 50
2.9850000000000003e+29 300 0.005 19.43414677262421
2.9850000000000003e+29 400 0.005 16.938342639961018
2.9850000000000003e+29 500 0.005 13.632854254285686
2.9850000000000003e+29 600 0.005 9.890343595664195
2.9850000000000003e+29 700 0.005 6.362625318155249
2.9850000000000003e+29 800 0.005 3.7340248502219433
2.9850000000000003e+29 900 0.005 2.50101161430685
2.9850000000000003e+29 1000 0.005 2.8741297897166653
2.9850000000000003e+29 1100 0.005 4.783396412161756
2.9850000000000003e+29 1200 0.005 8.025882749072123
2.9850000000000003e+29 1300 0.005 12.278845964621937
2.9850000000000003e+29 1400 0.005 17.274536364722444
2.9850000000000003e+29 1500 0.005 22.830678532258325
2.9850000000000003e+29 1600 0.005 28.575339271553215
2.9850000000000003e+29 1700 0.005 34.80627689445458
2.9850000000000003e+29 1800 0.005 41.583885209423606
2.9850000000000003e+29 1900 0.005 48.96876601125084
2.9850000000000003e+29 2000 0.005 57.130741042638874
3.582e+29 300 0.005 20.01609995173487
3.582e+29 400 0.005 17.941429471916567
3.582e+29 500 0.005 15.134284045219317
3.582e+29 600 0.005 11.827033841587488
3.582e+29 700 0.005 8.474811180404568
3.582e+29 800 0.005 5.5773235090884405
3.582e+29 900 0.005 3.518828071433426
3.582e+29 1000 0.005 2.4740686581685782
3.582e+29 1100 0.005 2.441510817925678
3.582e+29 1200 0.005 3.299847528964893
3.582e+29 1300 0.005 4.818819045118838
3.582e+29 1400 0.005 6.816272545965204
3.582e+29 1500 0.005 9.14385352895894
3.582e+29 1600 0.005 11.682229123490158
3.582e+29 1700 0.005 14.42194913701419
3.582e+29 1800 0.005 17.364937376401862
3.582e+29 1900 0.005 20.481069130236975
3.582e+29 2000 0.005 23.705375546816587
4.1790000000000005e+29 300 0.005 20.430150121276867
4.1790000000000005e+29 400 0.005 18.662186222408774
4.1790000000000005e+29 500 0.005 16.236514138693476
4.1790000000000005e+29 600 0.005 13.308990990897946
4.1790000000000005e+29 700 0.005 10.22161115483016
4.1790000000000005e+29 800 0.005 7.366103698387558
4.1790000000000005e+29 900 0.005 5.059613184853313
4.1790000000000005e+29 1000 0.005 3.4578570551114676
4.1790000000000005e+29 1100 0.005 2.5980452615610914
4.1790000000000005e+29 1200 0.005 2.411234207617105
4.1790000000000005e+29 1300 0.005 2.728649738372079
4.1790000000000005e+29 1400 0.005 3.427351710756527
4.1790000000000005e+29 1500 0.005 4.387080752869026
4.1790000000000005e+29 1600 0.005 5.503533051267054
4.1790000000000005e+29 1700 0.005 6.745306419134665
4.1790000000000005e+29 1800 0.005 8.092932778643899
4.1790000000000005e+29 1900 0.005 9.519663109617143
4.1790000000000005e+29 2000 0.005 11.072822394830842
4.776000000000001e+29 300 0.005 20.738692227817083
4.776000000000001e+29 400 0.005 19.20279828775645
4.776000000000001e+29 500 0.005 17.074655154932138
4.776000000000001e+29 600 0.005 14.464154570562588
4.776000000000001e+29 700 0.005 11.64121456157987
4.776000000000001e+29 800 0.005 8.92689954341352
4.776000000000001e+29 900 0.005 6.592468198379069
4.776000000000001e+29 1000 0.005 4.779879505987693
4.776000000000001e+29 1100 0.005 3.5476600748036637
4.776000000000001e+29 1200 0.005 2.859877037837801
4.776000000000001e+29 1300 0.005 2.5886580934916497
4.776000000000001e+29 1400 0.005 2.6505028499784586
4.776000000000001e+29 1500 0.005 2.946657977428951
4.776000000000001e+29 1600 0.005 3.387602554407564
4.776000000000001e+29 1700 0.005 3.934450564085706
4.776000000000001e+29 1800 0.005 4.560011046399175
4.776000000000001e+29 1900 0.005 5.241031650612037
4.776000000000001e+29 2000 0.005 5.996853413816815
5.373e+29 300 0.005 20.97687889339408
5.373e+29 400 0.005 19.62208918264207
5.373e+29 500 0.005 17.73093261472845
5.373e+29 600 0.005 15.383711808741175
5.373e+29 700 0.005 12.80104935549395
5.373e+29 800 0.005 10.254201145456252
5.373e+29 900 0.005 7.980514658050814
5.373e+29 1000 0.005 6.110622130981117
5.373e+29 1100 0.005 4.714511034019358
5.373e+29 1200 0.005 3.777437818244094
5.373e+29 1300 0.005 3.1996604795762775
5.373e+29 1400 0.005 2.924435744209431
5.373e+29 1500 0.005 2.8691737767789696
5.373e+29 1600 0.005 2.956659704055099
5.373e+29 1700 0.005 3.146020559592232
5.373e+29 1800 0.005 3.407200601571254
5.373e+29 1900 0.005 3.7194821503795423
5.373e+29 2000 0.005 4.087113509529077
5.970000000000001e+28 300 0.0025 11.060378686865713
5.970000000000001e+28 400 0.0025 8.825072233927333
5.970000000000001e+28 500 0.0025 33.27854488085902
5.970000000000001e+28 600 0.0025 152.42157289064946
5.970000000000001e+28 700 0.0025 537.7200509270617
5.970000000000001e+28 800 0.0025 1638.5509412406445
5.970000000000001e+28 900 0.0025 50
5.970000000000001e+28 1000 0.0025 50
5.970000000000001e+28 1100 0.0025 50
5.970000000000001e+28 1200 0.0025 50
5.970000000000001e+28 1300 0.0025 50
5.970000000000001e+28 1400 0.0025 50
5.970000000000001e+28 1500 0.0025 50
5.970000000000001e+28 1600 0.0025 50
5.970000000000001e+28 1700 0.0025 50
5.970000000000001e+28 1800 0.0025 50
5.970000000000001e+28 1900 0.0025 50
5.970000000000001e+28 2000 0.0025 50
1.1940000000000002e+29 300 0.0025 16.167258883185177
1.1940000000000002e+29 400 0.0025 11.190494480920762
1.1940000000000002e+29 500 0.0025 6.19278321380293
1.1940000000000002e+29 600 0.0025 5.440036342249807
1.1940000000000002e+29 700 0.0025 15.81155891023811
1.1940000000000002e+29 800 0.0025 45.08004455280078
1.1940000000000002e+29 900 0.0025 102.64110433878017
1.1940000000000002e+29 1000 0.0025 198.75668611893548
1.1940000000000002e+29 1100 0.0025 50
1.1940000000000002e+29 1200 0.0025 50
1.1940000000000002e+29 1300 0.0025 50
1.1940000000000002e+29 1400 0.0025 50
1.1940000000000002e+29 1500 0.0025 50
1.1940000000000002e+29 1600 0.0025 50
1.1940000000000002e+29 1700 0.0025 50
1.1940000000000002e+29 1800 0.0025 50
1.1940000000000002e+29 1900 0.0025 50
1.1940000000000002e+29 2000 0.0025 50
1.791e+29 300 0.0025 18.430891181788855
1.791e+29 400 0.0025 14.891186672152108
1.791e+29 500 0.0025 10.338822669772153
1.791e+29 600 0.0025 5.957793901223173
1.791e+29 700 0.0025 3.719956826644607
1.791e+29 800 0.0025 5.809191856096608
1.791e+29 900 0.0025 14.032597945876402
1.791e+29 1000 0.0025 29.433426908514573
1.791e+29 1100 0.0025 52.39286784873604
1.791e+29 1200 0.0025 50
1.791e+29 1300 0.0025 50
1.791e+29 1400 0.0025 50
1.791e+29 1500 0.0025 50
1.791e+29 1600 0.0025 50
1.791e+29 1700 0.0025 50
1.791e+29 1800 0.0025 50
1.791e+29 1900 0.0025 50
1.791e+29 2000 0.0025 50
2.3880000000000004e+29 300 0.0025 19.582241827271737
2.3880000000000004e+29 400 0.0025 16.92191875051182
2.3880000000000004e+29 500 0.0025 13.27055324403272
2.3880000000000004e+29 600 0.0025 9.13307288786876
2.3880000000000004e+29 700 0.0025 5.4580435510324
2.3880000000000004e+29 800 0.0025 3.300621344471169
2.3880000000000004e+29 900 0.0025 3.499055832438907
2.3880000000000004e+29 1000 0.0025 6.568159411340598
2.3880000000000004e+29 1100 0.0025 12.599870021522182
2.3880000000000004e+29 1200 0.0025 21.496344208934214
2.3880000000000004e+29 1300 0.0025 32.45797826848465
2.3880000000000004e+29 1400 0.0025 45.672585026122256
2.3880000000000004e+29 1500 0.0025 60.86198543116229
2.3880000000000004e+29 1600 0.0025 50
2.3880000000000004e+29 1700 0.0025 50
2.3880000000000004e+29 1800 0.0025 50
2.3880000000000004e+29 1900 0.0025 50
2.3880000000000004e+29 2000 0.0025 50
2.9850000000000003e+29 300 0.0025 20.266412801708068
2.9850000000000003e+29 400 0.0025 18.15978023994335
2.9850000000000003e+29 500 0.0025 15.180955461175094
2.9850000000000003e+29 600 0.0025 11.591912151833201
2.9850000000000003e+29 700 0.0025 7.965003646195647
2.9850000000000003e+29 800 0.0025 4.961630909580394
2.9850000000000003e+29 900 0.0025 3.120839943668536
2.9850000000000003e+29 1000 0.0025 2.755191098989007
2.9850000000000003e+29 1100 0.0025 3.9485434810280946
2.9850000000000003e+29 1200 0.0025 6.622295425882469
2.9850000000000003e+29 1300 0.0025 10.530585023785871
2.9850000000000003e+29 1400 0.0025 15.451722421667068
2.9850000000000003e+29 1500 0.0025 21.159646946878667
2.9850000000000003e+29 1600 0.0025 27.22393328704402
2.9850000000000003e+29 1700 0.0025 33.78321795131909
2.9850000000000003e+29 1800 0.0025 40.878650885826836
2.9850000000000003e+29 1900 0.0025 48.52732208062786
2.9850000000000003e+29 2000 0.0025 56.87464096518297
3.582e+29 300 0.0025 20.715766377759053
3.582e+29 400 0.0025 18.983133765174824
3.582e+29 500 0.0025 16.490691949691506
3.582e+29 600 0.0025 13.3897211214042
3.582e+29 700 0.0025 10.070999594841782
3.582e+29 800 0.0025 7.006635354768641
3.582e+29 900 0.0025 4.59658380453646
3.582e+29 1000 0.0025 3.0743751527035412
3.582e+29 1100 0.0025 2.538043354763646
3.582e+29 1200 0.0025 2.9514071888647266
3.582e+29 1300 0.0025 4.144766039142607
3.582e+29 1400 0.0025 5.9795090818893035
3.582e+29 1500 0.0025 8.292346835751196
3.582e+29 1600 0.0025 10.928627736505495
3.582e+29 1700 0.0025 13.822550810573729
3.582e+29 1800 0.0025 16.931841062433435
3.582e+29 1900 0.0025 20.197706432563056
3.582e+29 2000 0.0025 23.534959878588836
4.1790000000000005e+29 300 0.0025 21.031747572072103
4.1790000000000005e+29 400 0.0025 19.56652825994589
4.1790000000000005e+29 500 0.0025 17.434855640170717
4.1790000000000005e+29 600 0.0025 14.72971041732866
4.1790000000000005e+29 700 0.0025 11.73915907690371
4.1790000000000005e+29 800 0.0025 8.82640457608082
4.1790000000000005e+29 900 0.0025 6.310784956185758
4.1790000000000005e+29 1000 0.0025 4.383299251016516
4.1790000000000005e+29 1100 0.0025 3.1497867687879424
4.1790000000000005e+29 1200 0.0025 2.6031676130338224
4.1790000000000005e+29 1300 0.0025 2.6240960092454433
4.1790000000000005e+29 1400 0.0025 3.1285213578079993
4.1790000000000005e+29 1500 0.0025 3.998016263037592
4.1790000000000005e+29 1600 0.0025 5.111739617082991
4.1790000000000005e+29 1700 0.0025 6.406535990697954
4.1790000000000005e+29 1800 0.0025 7.831382953894833
4.1790000000000005e+29 1900 0.0025 9.339034421985252
4.1790000000000005e+29 2000 0.0025 10.957552792065645
4.776000000000001e+29 300 0.0025 21.26517423612472
4.776000000000001e+29 400 0.0025 19.99972102562895
4.776000000000001e+29 500 0.0025 18.143807048846895
4.776000000000001e+29 600 0.0025 15.756608134280858
4.776000000000001e+29 700 0.0025 13.061761510471396
4.776000000000001e+29 800 0.0025 10.352392187024137
4.776000000000001e+29 900 0.0025 7.894720339383704
4.776000000000001e+29 1000 0.0025 5.852108522942782
4.776000000000001e+29 1100 0.0025 4.332504364617703
4.776000000000001e+29 1200 0.0025 3.3468105134355794
4.776000000000001e+29 1300 0.0025 2.8084993234007083
4.776000000000001e+29 1400 0.0025 2.668209085558836
4.776000000000001e+29 1500 0.0025 2.837689818095734
4.776000000000001e+29 1600 0.0025 3.221205808227515
4.776000000000001e+29 1700 0.0025 3.762549907816209
4.776000000000001e+29 1800 0.0025 4.411769602660183
4.776000000000001e+29 1900 0.0025 5.130627946541794
4.776000000000001e+29 2000 0.0025 5.92190575461381
5.373e+29 300 0.0025 21.444156300106368
5.373e+29 400 0.0025 20.33312070828378
5.373e+29 500 0.0025 18.693746080638885
5.373e+29 600 0.0025 16.564226029681578
5.373e+29 700 0.0025 14.124748773452028
5.373e+29 800 0.0025 11.619820811435321
5.373e+29 900 0.0025 9.277743186197597
5.373e+29 1000 0.0025 7.2418622362801734
5.373e+29 1100 0.0025 5.618906145639621
5.373e+29 1200 0.0025 4.430662993209278
5.373e+29 1300 0.0025 3.6126209477877422
5.373e+29 1400 0.0025 3.137890356105921
5.373e+29 1500 0.0025 2.938941578038253
5.373e+29 1600 0.0025 2.9383241858008993
5.373e+29 1700 0.0025 3.0867578466009093
5.373e+29 1800 0.0025 3.3377474115104424
5.373e+29 1900 0.0025 3.6594967584184492
5.373e+29 2000 0.0025 4.042151074237925
5.970000000000001e+28 300 0.0075 10.127439977137854
5.970000000000001e+28 400 0.0075 14.571722418209756
5.970000000000001e+28 500 0.0075 56.25504257988208
5.970000000000001e+28 600 0.0075 213.08969770277628
5.970000000000001e+28 700 0.0075 663.5536842148075
5.970000000000001e+28 800 0.0075 50
5.970000000000001e+28 900 0.0075 50
5.970000000000001e+28 1000 0.0075 50
5.970000000000001e+28 1100 0.0075 50
5.970000000000001e+28 1200 0.0075 50
5.970000000000001e+28 1300 0.0075 50
5.970000000000001e+28 1400 0.0075 50
5.970000000000001e+28 1500 0.0075 50
5.970000000000001e+28 1600 0.0075 50
5.970000000000001e+28 1700 0.0075 50
5.970000000000001e+28 1800 0.0075 50
5.970000000000001e+28 1900 0.0075 50
5.970000000000001e+28 2000 0.0075 50
1.1940000000000002e+29 300 0.0075 13.358072188695012
1.1940000000000002e+29 400 0.0075 8.052931700414602
1.1940000000000002e+29 500 0.0075 4.520615726950566
1.1940000000000002e+29 600 0.0075 8.057630862075301
1.1940000000000002e+29 700 0.0075 25.320345754661908
1.1940000000000002e+29 800 0.0075 64.19685211560824
1.1940000000000002e+29 900 0.0075 132.65458322327626
1.1940000000000002e+29 1000 0.0075 50
1.1940000000000002e+29 1100 0.0075 50
1.1940000000000002e+29 1200 0.0075 50
1.1940000000000002e+29 1300 0.0075 50
1.1940000000000002e+29 1400 0.0075 50
1.1940000000000002e+29 1500 0.0075 50
1.1940000000000002e+29 1600 0.0075 50
1.1940000000000002e+29 1700 0.0075 50
1.1940000000000002e+29 1800 0.0075 50
1.1940000000000002e+29 1900 0.0075 50
1.1940000000000002e+29 2000 0.0075 50
1.791e+29 300 0.0075 16.1920132780917
1.791e+29 400 0.0075 11.888606628322682
1.791e+29 500 0.0075 7.197977960473992
1.791e+29 600 0.0075 3.7470802015739917
1.791e+29 700 0.0075 3.6727169031712856
1.791e+29 800 0.0075 9.00958439768814
1.791e+29 900 0.0075 20.92013684970297
1.791e+29 1000 0.0075 39.60935300938171
1.791e+29 1100 0.0075 65.41534421585887
1.791e+29 1200 0.0075 50
1.791e+29 1300 0.0075 50
1.791e+29 1400 0.0075 50
1.791e+29 1500 0.0075 50
1.791e+29 1600 0.0075 50
1.791e+29 1700 0.0075 50
1.791e+29 1800 0.0075 50
1.791e+29 1900 0.0075 50
1.791e+29 2000 0.0075 50
2.3880000000000004e+29 300 0.0075 17.79667503074065
2.3880000000000004e+29 400 0.0075 14.394853758316138
2.3880000000000004e+29 500 0.0075 10.289753088980905
2.3880000000000004e+29 600 0.0075 6.250214409168304
2.3880000000000004e+29 700 0.0075 3.350854227288513
2.3880000000000004e+29 800 0.0075 2.608280464144794
2.3880000000000004e+29 900 0.0075 4.650994911111659
2.3880000000000004e+29 1000 0.0075 9.653505674151598
2.3880000000000004e+29 1100 0.0075 17.288636028704822
2.3880000000000004e+29 1200 0.0075 26.93823688121371
2.3880000000000004e+29 1300 0.0075 38.189582685092866
2.3880000000000004e+29 1400 0.0075 51.008103982930386
2.3880000000000004e+29 1500 0.0075 50
2.3880000000000004e+29 1600 0.0075 50
2.3880000000000004e+29 1700 0.0075 50
2.3880000000000004e+29 1800 0.0075 50
2.3880000000000004e+29 1900 0.0075 50
2.3880000000000004e+29 2000 0.0075 50
2.9850000000000003e+29 300 0.0075 18.798346145286395
2.9850000000000003e+29 400 0.0075 16.02792650710085
2.9850000000000003e+29 500 0.0075 12.534838989359553
2.9850000000000003e+29 600 0.0075 8.762854460526947
2.9850000000000003e+29 700 0.0075 5.3879994432164064
2.9850000000000003e+29 800 0.0075 3.074646357451606
2.9850000000000003e+29 900 0.0075 2.2651186682298006
2.9850000000000003e+29 1000 0.0075 3.0846676774843824
2.9850000000000003e+29 1100 0.0075 5.364183991745487
2.9850000000000003e+29 1200 0.0075 8.836022679015496
2.9850000000000003e+29 1300 0.0075 13.155816642104426
2.9850000000000003e+29 1400 0.0075 18.073110534349777
2.9850000000000003e+29 1500 0.0075 23.44460865777187
2.9850000000000003e+29 1600 0.0075 29.005754021777463
2.9850000000000003e+29 1700 0.0075 35.07778740105388
2.9850000000000003e+29 1800 0.0075 41.73470639399978
2.9850000000000003e+29 1900 0.0075 49.042205160070495
2.9850000000000003e+29 2000 0.0075 57.162724985482825
3.582e+29 300 0.0075 19.47592616565476
3.582e+29 400 0.0075 17.15523639292436
3.582e+29 500 0.0075 14.156262982784536
3.582e+29 600 0.0075 10.766175803050766
3.582e+29 700 0.0075 7.463709908908385
3.582e+29 800 0.0075 4.741284217222285
3.582e+29 900 0.0075 2.9546123583789754
3.582e+29 1000 0.0075 2.2250022518758605
3.582e+29 1100 0.0075 2.482745765010237
3.582e+29 1200 0.0075 3.55695873360053
3.582e+29 1300 0.0075 5.193479779147222
3.582e+29 1400 0.0075 7.208717045184863
3.582e+29 1500 0.0075 9.483011142714922
3.582e+29 1600 0.0075 11.934730436328259
3.582e+29 1700 0.0075 14.589723695514811
3.582e+29 1800 0.0075 17.463438319241096
3.582e+29 1900 0.0075 20.53169652193538
3.582e+29 2000 0.0075 23.728616786903487
4.1790000000000005e+29 300 0.0075 19.962085860378995
4.1790000000000005e+29 400 0.0075 17.973636387319672
4.1790000000000005e+29 500 0.0075 15.362809347374878
4.1790000000000005e+29 600 0.0075 12.329621119711534
4.1790000000000005e+29 700 0.0075 9.238285421925086
4.1790000000000005e+29 800 0.0075 6.479789000172254
4.1790000000000005e+29 900 0.0075 4.356414672757408
4.1790000000000005e+29 1000 0.0075 2.988546290800319
4.1790000000000005e+29 1100 0.0075 2.363818114150438
4.1790000000000005e+29 1200 0.0075 2.373856165697666
4.1790000000000005e+29 1300 0.0075 2.8264584112443316
4.1790000000000005e+29 1400 0.0075 3.588928904956275
4.1790000000000005e+29 1500 0.0075 4.555228035014217
4.1790000000000005e+29 1600 0.0075 5.643152940406606
4.1790000000000005e+29 1700 0.0075 6.845487770892148
4.1790000000000005e+29 1800 0.0075 8.156013827757631
4.1790000000000005e+29 1900 0.0075 9.55404325946481
4.1790000000000005e+29 2000 0.0075 11.089723121294297
4.776000000000001e+29 300 0.0075 20.326609288431023
4.776000000000001e+29 400 0.0075 18.592002520055953
4.776000000000001e+29 500 0.0075 16.288767086520473
4.776000000000001e+29 600 0.0075 13.563515381776902
4.776000000000001e+29 700 0.0075 10.706828710184922
4.776000000000001e+29 800 0.0075 8.042623680159135
4.776000000000001e+29 900 0.0075 5.835179367334597
4.776000000000001e+29 1000 0.0075 4.202272782597024
4.776000000000001e+29 1100 0.0075 3.164940340347661
4.776000000000001e+29 1200 0.0075 2.6550516784688836
4.776000000000001e+29 1300 0.0075 2.522706212477465
4.776000000000001e+29 1400 0.0075 2.6709398636003474
4.776000000000001e+29 1500 0.0075 3.006816158305431
4.776000000000001e+29 1600 0.0075 3.453558755933608
4.776000000000001e+29 1700 0.0075 3.988955350084151
4.776000000000001e+29 1800 0.0075 4.598115336370065
4.776000000000001e+29 1900 0.0075 5.263379310642379
4.776000000000001e+29 2000 0.0075 6.008618421473174
5.373e+29 300 0.0075 20.609364303110926
5.373e+29 400 0.0075 19.074266102044128
5.373e+29 500 0.0075 17.018731890160897
5.373e+29 600 0.0075 14.554322091430251
5.373e+29 700 0.0075 11.920810497518195
5.373e+29 800 0.0075 9.394345295409495
5.373e+29 900 0.0075 7.210077660040587
5.373e+29 1000 0.0075 5.4817397021296355
5.373e+29 1100 0.0075 4.250133131579508
5.373e+29 1200 0.0075 3.4736950210686093
5.373e+29 1300 0.0075 3.0323029710097096
5.373e+29 1400 0.0075 2.8542514088730626
5.373e+29 1500 0.0075 2.857642366747748
5.373e+29 1600 0.0075 2.972099209006838
5.373e+29 1700 0.0075 3.168146935126063
5.373e+29 1800 0.0075 3.4268899428654653
5.373e+29 1900 0.0075 3.732557103913901
5.373e+29 2000 0.0075 4.094704900069458
5.9700000000000005e+29 300 None 17.025694158310912
5.9700000000000005e+29 400 None 14.932141461959867
5.9700000000000005e+29 500 None 12.929865807585319
5.9700000000000005e+29 600 None 10.906603988462871
5.9700000000000005e+29 700 None 8.979300949569335
5.9700000000000005e+29 800 None 7.286385100133884
5.9700000000000005e+29 900 None 5.963885254712884
5.9700000000000005e+29 1000 None 4.9506922030690825
5.9700000000000005e+29 1100 None 4.253003743244633
5.9700000000000005e+29 1200 None 3.8094475195098942
5.9700000000000005e+29 1300 None 3.5183935488025035
5.9700000000000005e+29 1400 None 3.3448910391740982
5.9700000000000005e+29 1500 None 3.2583163859254105
5.9700000000000005e+29 1600 None 3.230633113369368
5.9700000000000005e+29 1700 None 3.2553079996158054
5.9700000000000005e+29 1800 None 3.328803366850661
5.9700000000000005e+29 1900 None 3.442867173520876
5.9700000000000005e+29 2000 None 3.6027309154175913
6.567e+29 300 None 17.486743498903767
6.567e+29 400 None 15.548710821047951
6.567e+29 500 None 13.688137163954522
6.567e+29 600 None 11.794045213320192
6.567e+29 700 None 9.968338031596133
6.567e+29 800 None 8.336048730948379
6.567e+29 900 None 7.029539748473831
6.567e+29 1000 None 5.992275131465197
6.567e+29 1100 None 5.242732188560332
6.567e+29 1200 None 4.729446844815006
6.567e+29 1300 None 4.359888652467262
6.567e+29 1400 None 4.103733234338648
6.567e+29 1500 None 3.930489463633813
6.567e+29 1600 None 3.813344633617748
6.567e+29 1700 None 3.743103057198453
6.567e+29 1800 None 3.716632073016676
6.567e+29 1900 None 3.7275975998350637
6.567e+29 2000 None 3.7772578498071367
7.164e+29 300 None 17.879092303201627
7.164e+29 400 None 16.076184292989996
7.164e+29 500 None 14.340460495852717
7.164e+29 600 None 12.563521207179063
7.164e+29 700 None 10.835505972034433
7.164e+29 800 None 9.270414111078672
7.164e+29 900 None 7.996327511027906
7.164e+29 1000 None 6.960681162054925
7.164e+29 1100 None 6.190360407370365
7.164e+29 1200 None 5.641604409352809
7.164e+29 1300 None 5.229478208832417
7.164e+29 1400 None 4.927394705134941
7.164e+29 1500 None 4.7052880855316115
7.164e+29 1600 None 4.537569243549424
7.164e+29 1700 None 4.41337156167659
7.164e+29 1800 None 4.329903635774964
7.164e+29 1900 None 4.282089059829284
7.164e+29 2000 None 4.268645139755075
7.761e+29 300 None 18.216870272886855
7.761e+29 400 None 16.532194785761167
7.761e+29 500 None 14.906830055285456
7.761e+29 600 None 13.235588749911406
7.761e+29 700 None 11.599165766889984
7.761e+29 800 None 10.102281209642458
7.761e+29 900 None 8.86849302596731
7.761e+29 1000 None 7.848683723997061
7.761e+29 1100 None 7.075543797952619
7.761e+29 1200 None 6.511415227478128
7.761e+29 1300 None 6.077801730865898
7.761e+29 1400 None 5.751173000900857
7.761e+29 1500 None 5.502056469299537
7.761e+29 1600 None 5.306028896657957
7.761e+29 1700 None 5.15118288756352
7.761e+29 1800 None 5.034993598994085
7.761e+29 1900 None 4.95323403774172
7.761e+29 2000 None 4.902948142897211
8.358000000000001e+29 300 None 18.51062592469144
8.358000000000001e+29 400 None 16.930118265378727
8.358000000000001e+29 500 None 15.402733646972031
8.358000000000001e+29 600 None 13.826768639629709
8.358000000000001e+29 700 None 12.275173076128244
8.358000000000001e+29 800 None 10.844737814473095
8.358000000000001e+29 900 None 9.6544678700463
8.358000000000001e+29 1000 None 8.658252267455138
8.358000000000001e+29 1100 None 7.892794340933333
8.358000000000001e+29 1200 None 7.32535237514773
8.358000000000001e+29 1300 None 6.882961714907118
8.358000000000001e+29 1400 None 6.544623986086664
8.358000000000001e+29 1500 None 6.281554802096299
8.358000000000001e+29 1600 None 6.070420093537281
8.358000000000001e+29 1700 None 5.898686582618839
8.358000000000001e+29 1800 None 5.7640309709051385
8.358000000000001e+29 1900 None 5.662816475162627
8.358000000000001e+29 2000 None 5.590964792499306
5.9700000000000005e+29 300 0.001 21.993580777413452
5.9700000000000005e+29 400 0.001 21.249747424589117
5.9700000000000005e+29 500 0.001 20.080495932716417
5.9700000000000005e+29 600 0.001 18.475594465739814
5.9700000000000005e+29 700 0.001 16.531873189342637
5.9700000000000005e+29 800 0.001 14.410900039465545
5.9700000000000005e+29 900 0.001 12.280954574097754
5.9700000000000005e+29 1000 0.001 10.259164939212104
5.9700000000000005e+29 1100 0.001 8.468489403381206
5.9700000000000005e+29 1200 0.001 6.964350517911757
5.9700000000000005e+29 1300 0.001 5.733966931998353
5.9700000000000005e+29 1400 0.001 4.793129012203036
5.9700000000000005e+29 1500 0.001 4.124365005903371
5.9700000000000005e+29 1600 0.001 3.6811577736782586
5.9700000000000005e+29 1700 0.001 3.433119668521337
5.9700000000000005e+29 1800 0.001 3.3409686247261687
5.9700000000000005e+29 1900 0.001 3.373221324926163
5.9700000000000005e+29 2000 0.001 3.4999834768849523
6.567e+29 300 0.001 22.06738004066873
6.567e+29 400 0.001 21.400896754038047
6.567e+29 500 0.001 20.350361320748863
6.567e+29 600 0.001 18.90192942543453
6.567e+29 700 0.001 17.135952612393698
6.567e+29 800 0.001 15.19161030748582
6.567e+29 900 0.001 13.216127542978338
6.567e+29 1000 0.001 11.312503992520275
6.567e+29 1100 0.001 9.593862221235984
6.567e+29 1200 0.001 8.1129104237311
6.567e+29 1300 0.001 6.861693591255497
6.567e+29 1400 0.001 5.860374128282136
6.567e+29 1500 0.001 5.098839717373681
6.567e+29 1600 0.001 4.539621966876836
6.567e+29 1700 0.001 4.158759819738932
6.567e+29 1800 0.001 3.923883230314787
6.567e+29 1900 0.001 3.8104870526930608
6.567e+29 2000 0.001 3.7893058724525694
7.164e+29 300 0.001 22.127898900790136
7.164e+29 400 0.001 21.525029692397357
7.164e+29 500 0.001 20.572601524172573
7.164e+29 600 0.001 19.25463711467358
7.164e+29 700 0.001 17.639076871741498
7.164e+29 800 0.001 15.847734245357147
7.164e+29 900 0.001 14.01122120484546
7.164e+29 1000 0.001 12.22135377444424
7.164e+29 1100 0.001 10.582838376772402
7.164e+29 1200 0.001 9.145733353247023
7.164e+29 1300 0.001 7.905464419346347
7.164e+29 1400 0.001 6.88487480406152
7.164e+29 1500 0.001 6.078934907619617
7.164e+29 1600 0.001 5.456920892370126
7.164e+29 1700 0.001 4.999672751022985
7.164e+29 1800 0.001 4.680170429123725
7.164e+29 1900 0.001 4.479040244446621
7.164e+29 2000 0.001 4.368216144482052
7.761e+29 300 0.001 22.178359011370816
7.761e+29 400 0.001 21.628663076311508
7.761e+29 500 0.001 20.758564159269934
7.761e+29 600 0.001 19.550869111916864
7.761e+29 700 0.001 18.06391260285565
7.761e+29 800 0.001 16.40568273455798
7.761e+29 900 0.001 14.693356884768642
7.761e+29 1000 0.001 13.009663226219592
7.761e+29 1100 0.001 11.452014096364307
7.761e+29 1200 0.001 10.06792994104087
7.761e+29 1300 0.001 8.855246092293793
7.761e+29 1400 0.001 7.838389353785867
7.761e+29 1500 0.001 7.015908932125029
7.761e+29 1600 0.001 6.36222406949434
7.761e+29 1700 0.001 5.861842729878606
7.761e+29 1800 0.001 5.491948667580263
7.761e+29 1900 0.001 5.237050004423099
7.761e+29 2000 0.001 5.070489105520983
8.358000000000001e+29 300 0.001 22.22102748730253
8.358000000000001e+29 400 0.001 21.716392820258715
8.358000000000001e+29 500 0.001 20.916292915475868
8.358000000000001e+29 600 0.001 19.80290153328779
8.358000000000001e+29 700 0.001 18.426949640849383
8.358000000000001e+29 800 0.001 16.88518284071779
8.358000000000001e+29 900 0.001 15.283697375216414
8.358000000000001e+29 1000 0.001 13.697683429060941
8.358000000000001e+29 1100 0.001 12.218168699569492
8.358000000000001e+29 1200 0.001 10.890274716915158
8.358000000000001e+29 1300 0.001 9.713579182678322
8.358000000000001e+29 1400 0.001 8.713369333291197
8.358000000000001e+29 1500 0.001 7.890752792892809
8.358000000000001e+29 1600 0.001 7.2241492105924765
8.358000000000001e+29 1700 0.001 6.700924617255247
8.358000000000001e+29 1800 0.001 6.301614194376439
8.358000000000001e+29 1900 0.001 6.013733068740222
8.358000000000001e+29 2000 0.001 5.812071568227305
5.9700000000000005e+29 300 0.005 21.165936951771894
5.9700000000000005e+29 400 0.005 19.956071128345073
5.9700000000000005e+29 500 0.005 18.25738088514857
5.9700000000000005e+29 600 0.005 16.1301095546704
5.9700000000000005e+29 700 0.005 13.759364161555682
5.9700000000000005e+29 800 0.005 11.379415785633627
5.9700000000000005e+29 900 0.005 9.201288824177976
5.9700000000000005e+29 1000 0.005 7.3458367301360346
5.9700000000000005e+29 1100 0.005 5.888852854966666
5.9700000000000005e+29 1200 0.005 4.8294870901674125
5.9700000000000005e+29 1300 0.005 4.0880376771899645
5.9700000000000005e+29 1400 0.005 3.6263953334249623
5.9700000000000005e+29 1500 0.005 3.3743265030212304
5.9700000000000005e+29 1600 0.005 3.2645842607928905
5.9700000000000005e+29 1700 0.005 3.256664738846844
5.9700000000000005e+29 1800 0.005 3.3197014184295845
5.9700000000000005e+29 1900 0.005 3.4348113990507896
5.9700000000000005e+29 2000 0.005 3.5974072502807157
6.567e+29 300 0.005 21.319404207476055
6.567e+29 400 0.005 20.227931573462946
6.567e+29 500 0.005 18.688247169205376
6.567e+29 600 0.005 16.746438136049065
6.567e+29 700 0.005 14.560987786547853
6.567e+29 800 0.005 12.33763091150056
6.567e+29 900 0.005 10.266262282138742
6.567e+29 1000 0.005 8.45913766912005
6.567e+29 1100 0.005 6.994545286604737
6.567e+29 1200 0.005 5.880904845364468
6.567e+29 1300 0.005 5.05324817954314
6.567e+29 1400 0.005 4.486765943632385
6.567e+29 1500 0.005 4.120884863637059
6.567e+29 1600 0.005 3.89645164365504
6.567e+29 1700 0.005 3.774385377005824
6.567e+29 1800 0.005 3.7239725402457498
6.567e+29 1900 0.005 3.727730729051567
6.567e+29 2000 0.005 3.7756389546492093
7.164e+29 300 0.005 21.44630358654587
7.164e+29 400 0.005 20.453233523469862
7.164e+29 500 0.005 19.04687922341131
7.164e+29 600 0.005 17.26301236546862
7.164e+29 700 0.005 15.239525025884525
7.164e+29 800 0.005 13.159478505465291
7.164e+29 900 0.005 11.195387124963263
7.164e+29 1000 0.005 9.451883215538093
7.164e+29 1100 0.005 8.007781300502053
7.164e+29 1200 0.005 6.877758684668258
7.164e+29 1300 0.005 6.007976759954795
7.164e+29 1400 0.005 5.383321727743152
7.164e+29 1500 0.005 4.9509352864962155
7.164e+29 1600 0.005 4.658303002757279
7.164e+29 1700 0.005 4.468220896392054
7.164e+29 1800 0.005 4.350604292245913
7.164e+29 1900 0.005 4.289101737215923
7.164e+29 2000 0.005 4.270257937406318
7.761e+29 300 0.005 21.55287077252531
7.761e+29 400 0.005 20.642790378973867
7.761e+29 500 0.005 19.349689975163223
7.761e+29 600 0.005 17.70162577418919
7.761e+29 700 0.005 15.820157907091252
7.761e+29 800 0.005 13.869910065262419
7.761e+29 900 0.005 12.008829387427124
7.761e+29 1000 0.005 10.334753105020049
7.761e+29 1100 0.005 8.925844199727878
7.761e+29 1200 0.005 7.801025390428847
7.761e+29 1300 0.005 6.9150618659793235
7.761e+29 1400 0.005 6.2600332894389314
7.761e+29 1500 0.005 5.789359146947167
7.761e+29 1600 0.005 5.456035087757298
7.761e+29 1700 0.005 5.224893771687083
7.761e+29 1800 0.005 5.066714410205719
7.761e+29 1900 0.005 4.966101709177914
7.761e+29 2000 0.005 4.907407599898716
8.358000000000001e+29 300 0.005 21.643547821098434
8.358000000000001e+29 400 0.005 20.804338036755105
8.358000000000001e+29 500 0.005 19.60852826525001
8.358000000000001e+29 600 0.005 18.078277799957334
8.358000000000001e+29 700 0.005 16.32192161652649
8.358000000000001e+29 800 0.005 14.488806222938194
8.358000000000001e+29 900 0.005 12.724485315901173
8.358000000000001e+29 1000 0.005 11.120713974542058
8.358000000000001e+29 1100 0.005 9.75430326862389
8.358000000000001e+29 1200 0.005 8.647047818668021
8.358000000000001e+29 1300 0.005 7.760497021445228
8.358000000000001e+29 1400 0.005 7.092144968536097
8.358000000000001e+29 1500 0.005 6.600602503204148
8.358000000000001e+29 1600 0.005 6.243491283314437
8.358000000000001e+29 1700 0.005 5.987691569997756
8.358000000000001e+29 1800 0.005 5.804954490875102
8.358000000000001e+29 1900 0.005 5.680720672031745
8.358000000000001e+29 2000 0.005 5.597952061023156
5.9700000000000005e+29 300 0.0025 21.58544320935374
5.9700000000000005e+29 400 0.0025 20.597062325033423
5.9700000000000005e+29 500 0.0025 19.131675385100422
5.9700000000000005e+29 600 0.0025 17.213781108909593
5.9700000000000005e+29 700 0.0025 14.99266132264397
5.9700000000000005e+29 800 0.0025 12.677235273656443
5.9700000000000005e+29 900 0.0025 10.467242981588768
5.9700000000000005e+29 1000 0.0025 8.490570783006564
5.9700000000000005e+29 1100 0.0025 6.850984906192528
5.9700000000000005e+29 1200 0.0025 5.5767836528363075
5.9700000000000005e+29 1300 0.0025 4.618731455587721
5.9700000000000005e+29 1400 0.0025 3.964862025781143
5.9700000000000005e+29 1500 0.0025 3.5623330061275063
5.9700000000000005e+29 1600 0.0025 3.3472415170803616
5.9700000000000005e+29 1700 0.0025 3.2763802401487587
5.9700000000000005e+29 1800 0.0025 3.3071078014115596
5.9700000000000005e+29 1900 0.0025 3.4123301728997864
5.9700000000000005e+29 2000 0.0025 3.575486139885454
6.567e+29 300 0.0025 21.699608565919256
6.567e+29 400 0.0025 20.81082985341448
6.567e+29 500 0.0025 19.487979406326453
6.567e+29 600 0.0025 17.74626891553179
6.567e+29 700 0.0025 15.712078330676169
6.567e+29 800 0.0025 13.567217740166404
6.567e+29 900 0.0025 11.48907929677312
6.567e+29 1000 0.0025 9.593114781139993
6.567e+29 1100 0.0025 7.979298988072749
6.567e+29 1200 0.0025 6.679726305376042
6.567e+29 1300 0.0025 5.6560962584042285
6.567e+29 1400 0.0025 4.906573217910119
6.567e+29 1500 0.0025 4.389048878092348
6.567e+29 1600 0.0025 4.049893228942889
6.567e+29 1700 0.0025 3.8510600074535026
6.567e+29 1800 0.0025 3.753573697255491
6.567e+29 1900 0.0025 3.7339026614840467
6.567e+29 2000 0.0025 3.7718656744109778
7.164e+29 300 0.0025 21.79364240210826
7.164e+29 400 0.0025 20.98723804760074
7.164e+29 500 0.0025 19.783095570463896
7.164e+29 600 0.0025 18.18993921706301
7.164e+29 700 0.0025 16.31662172402954
7.164e+29 800 0.0025 14.323656666332687
7.164e+29 900 0.0025 12.370445866601939
7.164e+29 1000 0.0025 10.56216238567127
7.164e+29 1100 0.0025 8.994667031003878
7.164e+29 1200 0.0025 7.702142010319892
7.164e+29 1300 0.0025 6.654330309794064
7.164e+29 1400 0.0025 5.856392941132079
7.164e+29 1500 0.0025 5.274280024169443
7.164e+29 1600 0.0025 4.8623276437833765
7.164e+29 1700 0.0025 4.5868518826994285
7.164e+29 1800 0.0025 4.412195798766407
7.164e+29 1900 0.0025 4.317623431207099
7.164e+29 2000 0.0025 4.281055819397708
7.761e+29 300 0.0025 21.872343211610712
7.761e+29 400 0.0025 21.135119524702592
7.761e+29 500 0.0025 20.031240311845682
7.761e+29 600 0.0025 18.564791559985967
7.761e+29 700 0.0025 16.83085727596419
7.761e+29 800 0.0025 14.97280677646667
7.761e+29 900 0.0025 13.135236660773241
7.761e+29 1000 0.0025 11.414653870418427
7.761e+29 1100 0.0025 9.90275951537086
7.761e+29 1200 0.0025 8.634733550779815
7.761e+29 1300 0.0025 7.586375813451801
7.761e+29 1400 0.0025 6.767738286394063
7.761e+29 1500 0.0025 6.150961950688843
7.761e+29 1600 0.0025 5.696684984357568
7.761e+29 1700 0.0025 5.374922019647321
7.761e+29 1800 0.0025 5.152967477875859
7.761e+29 1900 0.0025 5.012345384156426
7.761e+29 2000 0.0025 4.93008611206122
8.358000000000001e+29 300 0.0025 21.939110046900197
8.358000000000001e+29 400 0.0025 21.260751238432963
8.358000000000001e+29 500 0.0025 20.242589651054498
8.358000000000001e+29 600 0.0025 18.885334241551195
8.358000000000001e+29 700 0.0025 17.273017323688922
8.358000000000001e+29 800 0.0025 15.534929570592944
8.358000000000001e+29 900 0.0025 13.803266674559739
8.358000000000001e+29 1000 0.0025 12.167118223109838
8.358000000000001e+29 1100 0.0025 10.71412771341138
8.358000000000001e+29 1200 0.0025 9.47977038054029
8.358000000000001e+29 1300 0.0025 8.44450001226311
8.358000000000001e+29 1400 0.0025 7.621810930224638
8.358000000000001e+29 1500 0.0025 6.988694981213368
8.358000000000001e+29 1600 0.0025 6.510863885800358
8.358000000000001e+29 1700 0.0025 6.161486855136032
8.358000000000001e+29 1800 0.0025 5.910468289914392
8.358000000000001e+29 1900 0.0025 5.741203591874386
8.358000000000001e+29 2000 0.0025 5.63043949845064
5.9700000000000005e+29 300 0.0075 20.834666408376844
5.9700000000000005e+29 400 0.0075 19.460095777336065
5.9700000000000005e+29 500 0.0075 17.607364304012894
5.9700000000000005e+29 600 0.0075 15.363809666492749
5.9700000000000005e+29 700 0.0075 12.932295399321655
5.9700000000000005e+29 800 0.0075 10.553152637764454
5.9700000000000005e+29 900 0.0075 8.438218968752391
5.9700000000000005e+29 1000 0.0075 6.696415882011709
5.9700000000000005e+29 1100 0.0075 5.380301826297622
5.9700000000000005e+29 1200 0.0075 4.4663342439956235
5.9700000000000005e+29 1300 0.0075 3.856066090868069
5.9700000000000005e+29 1400 0.0075 3.496039003771879
5.9700000000000005e+29 1500 0.0075 3.3134811810800433
5.9700000000000005e+29 1600 0.0075 3.244116374379763
5.9700000000000005e+29 1700 0.0075 3.255028227708022
5.9700000000000005e+29 1800 0.0075 3.3253685495367056
5.9700000000000005e+29 1900 0.0075 3.440533979042427
5.9700000000000005e+29 2000 0.0075 3.6015297130185693
6.567e+29 300 0.0075 21.0181411669712
6.567e+29 400 0.0075 19.77528527224347
6.567e+29 500 0.0075 18.0911533645022
6.567e+29 600 0.0075 16.03566035298234
6.567e+29 700 0.0075 13.783786559505895
6.567e+29 800 0.0075 11.547981507600646
6.567e+29 900 0.0075 9.520892594933851
6.567e+29 1000 0.0075 7.806350738969528
6.567e+29 1100 0.0075 6.463815657823641
6.567e+29 1200 0.0075 5.482260756440781
6.567e+29 1300 0.0075 4.779497557136793
6.567e+29 1400 0.0075 4.315552852703659
6.567e+29 1500 0.0075 4.025238390167462
6.567e+29 1600 0.0075 3.849771397619034
6.567e+29 1700 0.0075 3.7548466029189655
6.567e+29 1800 0.0075 3.7186984110177153
6.567e+29 1900 0.0075 3.727497038571753
6.567e+29 2000 0.0075 3.776829330992923
7.164e+29 300 0.0075 21.170265619443107
7.164e+29 400 0.0075 20.037278117940176
7.164e+29 500 0.0075 18.49523487245786
7.164e+29 600 0.0075 16.601111826374307
7.164e+29 700 0.0075 14.508170001743554
7.164e+29 800 0.0075 12.406527753199521
7.164e+29 900 0.0075 10.472718963461368
7.164e+29 1000 0.0075 8.805494783872488
7.164e+29 1100 0.0075 7.468191188118591
7.164e+29 1200 0.0075 6.458644352619095
7.164e+29 1300 0.0075 5.707180268505754
7.164e+29 1400 0.0075 5.1839986017164446
7.164e+29 1500 0.0075 4.830279907673669
7.164e+29 1600 0.0075 4.592099730848527
7.164e+29 1700 0.0075 4.434919789371945
7.164e+29 1800 0.0075 4.336628575963575
7.164e+29 1900 0.0075 4.2839610442782785
7.164e+29 2000 0.0075 4.268937234966774
7.761e+29 300 0.0075 21.298315910156244
7.761e+29 400 0.0075 20.258267614253075
7.761e+29 500 0.0075 18.837420710728143
7.761e+29 600 0.0075 17.082887699510934
7.761e+29 700 0.0075 15.130589555155506
7.761e+29 800 0.0075 13.152354484975884
7.761e+29 900 0.0075 11.310979540450509
7.761e+29 1000 0.0075 9.700306460514106
7.761e+29 1100 0.0075 8.385622288558295
7.761e+29 1200 0.0075 7.3711346486056195
7.761e+29 1300 0.0075 6.597016335169307
7.761e+29 1400 0.0075 6.041279320760731
7.761e+29 1500 0.0075 5.650513189869365
7.761e+29 1600 0.0075 5.3750699967336875
7.761e+29 1700 0.0075 5.18084410335869
7.761e+29 1800 0.0075 5.045712170857733
7.761e+29 1900 0.0075 4.956863482888647
7.761e+29 2000 0.0075 4.903913464223488
8.358000000000001e+29 300 0.0075 21.407496540925603
8.358000000000001e+29 400 0.0075 20.44702010748687
8.358000000000001e+29 500 0.0075 19.13065218278023
8.358000000000001e+29 600 0.0075 17.497821089213357
8.358000000000001e+29 700 0.0075 15.67032104043716
8.358000000000001e+29 800 0.0075 13.804727055190833
8.358000000000001e+29 900 0.0075 12.05198223503081
8.358000000000001e+29 1000 0.0075 10.50126925861186
8.358000000000001e+29 1100 0.0075 9.21858232855838
8.358000000000001e+29 1200 0.0075 8.212760739694785
8.358000000000001e+29 1300 0.0075 7.431871976374432
8.358000000000001e+29 1400 0.0075 6.860019864665115
8.358000000000001e+29 1500 0.0075 6.4484362893184946
8.358000000000001e+29 1600 0.0075 6.1512401932776966
8.358000000000001e+29 1700 0.0075 5.935141835553339
8.358000000000001e+29 1800 0.0075 5.77820785657338
8.358000000000001e+29 1900 0.0075 5.668022723300145
8.358000000000001e+29 2000 0.0075 5.592560175245169
