# mass(g) temperature(K) clouds reduced_chi_squared
1.194e+28 300 None 103210917.58517626
1.194e+28 400 None 1622673786.9713407
1.194e+28 500 None 1482306548.621768
1.194e+28 600 None 43628452169.61721
1.194e+28 700 None 1405568491.0247316
1.194e+28 800 None 215062565.4104211
1.194e+28 900 None 224193546.1133339
1.194e+28 1000 None 15881261.082794761
1.194e+28 1100 None 2341284.458462916
1.194e+28 1200 None 154665.45057490966
1.194e+28 1300 None 13290.574572704701
1.194e+28 1400 None 1901.4955753215602
1.194e+28 1500 None 1792.201982852957
1.194e+28 1600 None 1791.7518667267366
1.194e+28 1700 None 1792.2425478823575
1.194e+28 1800 None 1792.3986959857314
1.194e+28 1900 None 1792.398693350317
1.194e+28 2000 None 1792.3986959923195
2.388e+28 300 None 793.034449861213
2.388e+28 400 None 725.9012253458873
2.388e+28 500 None 396816.26711865544
2.388e+28 600 None 1281053580.3962443
2.388e+28 700 None 9558871714496.025
2.388e+28 800 None 9775987237.152271
2.388e+28 900 None 448551656.5716415
2.388e+28 1000 None 2529207349.106992
2.388e+28 1100 None 610054750.3919656
2.388e+28 1200 None 1173433282.677233
2.388e+28 1300 None 46128000.87696285
2.388e+28 1400 None 6367192.923021259
2.388e+28 1500 None 469181.4295466787
2.388e+28 1600 None 16155.629008893295
2.388e+28 1700 None 1735.2862077806333
2.388e+28 1800 None 1792.2533817965334
2.388e+28 1900 None 1792.3918518957041
2.388e+28 2000 None 1792.3983124079998
3.5820000000000003e+28 300 None 1078.5366318540905
3.5820000000000003e+28 400 None 658.7691150094896
3.5820000000000003e+28 500 None 228.45651668326767
3.5820000000000003e+28 600 None 1998.8646650516641
3.5820000000000003e+28 700 None 75525.35848462497
3.5820000000000003e+28 800 None 53495165149.83724
3.5820000000000003e+28 900 None 4118038846.1677594
3.5820000000000003e+28 1000 None 32552657621.110992
3.5820000000000003e+28 1100 None 945200611.6043633
3.5820000000000003e+28 1200 None 10365417083.617033
3.5820000000000003e+28 1300 None 7041814035.764317
3.5820000000000003e+28 1400 None 504328823.4050402
3.5820000000000003e+28 1500 None 367048937.9782092
3.5820000000000003e+28 1600 None 60647022.135468215
3.5820000000000003e+28 1700 None 6396120.9841216635
3.5820000000000003e+28 1800 None 1966.421851406331
3.5820000000000003e+28 1900 None 30353.99741636942
3.5820000000000003e+28 2000 None 1695.0086727477958
4.776e+28 300 None 1240.7875197774736
4.776e+28 400 None 936.6109338145558
4.776e+28 500 None 547.9942486037493
4.776e+28 600 None 161.06314818419744
4.776e+28 700 None 390.4663550632267
4.776e+28 800 None 5109.394127543182
4.776e+28 900 None 57021.47002261073
4.776e+28 1000 None 2822245.05552766
4.776e+28 1100 None 17775462933.04924
4.776e+28 1200 None 6785575285.661352
4.776e+28 1300 None 9256061134.68942
4.776e+28 1400 None 1828781469192.516
4.776e+28 1500 None 776212560.91167
4.776e+28 1600 None 4775814047.65175
4.776e+28 1700 None 2266.6385485650576
4.776e+28 1800 None 98239638.33298665
4.776e+28 1900 None 702249.5025611202
4.776e+28 2000 None 4039230.998506741
5.970000000000001e+28 300 None 1342.7336631386931
5.970000000000001e+28 400 None 1105.7507288278894
5.970000000000001e+28 500 None 808.4916862598521
5.970000000000001e+28 600 None 455.6180727883162
5.970000000000001e+28 700 None 138.9734520031179
5.970000000000001e+28 800 None 144.06701792646055
5.970000000000001e+28 900 None 1443.384941330921
5.970000000000001e+28 1000 None 8444.906249926207
5.970000000000001e+28 1100 None 50178.145425168754
5.970000000000001e+28 1200 None 571105.3271637991
5.970000000000001e+28 1300 None 139381885.67435408
5.970000000000001e+28 1400 None 31612179421.50405
5.970000000000001e+28 1500 None 8303355532.72347
5.970000000000001e+28 1600 None 47030981525.16403
5.970000000000001e+28 1700 None 16957618342.814167
5.970000000000001e+28 1800 None 1677311345.2949545
5.970000000000001e+28 1900 None 2657739465.7191343
5.970000000000001e+28 2000 None 1095751051.6371903
7.1640000000000006e+28 300 None 1412.703230735206
7.1640000000000006e+28 400 None 1218.4846269799843
7.1640000000000006e+28 500 None 980.917263898135
7.1640000000000006e+28 600 None 694.7755540409141
7.1640000000000006e+28 700 None 391.8167199877899
7.1640000000000006e+28 800 None 140.86648229266763
7.1640000000000006e+28 900 None 89.88141240629855
7.1640000000000006e+28 1000 None 611.0716349614274
7.1640000000000006e+28 1100 None 2817.030578748378
7.1640000000000006e+28 1200 None 10783.27354924094
7.1640000000000006e+28 1300 None 43991.59419388676
7.1640000000000006e+28 1400 None 258890.65130925138
7.1640000000000006e+28 1500 None 4686469.131128161
7.1640000000000006e+28 1600 None 166658492414.08334
7.1640000000000006e+28 1700 None 5571177144.8003845
7.1640000000000006e+28 1800 None 8816428260.375347
7.1640000000000006e+28 1900 None 2995448159.293366
7.1640000000000006e+28 2000 None 21553881524.121338
8.358e+28 300 None 1463.7317391762579
8.358e+28 400 None 1299.0763514932396
8.358e+28 500 None 1101.8265810446476
8.358e+28 600 None 865.5487453378663
8.358e+28 700 None 607.6785425228538
8.358e+28 800 None 357.6305124599982
8.358e+28 900 None 160.5575661952078
8.358e+28 1000 None 94.64716073206576
8.358e+28 1100 None 324.25110297103333
8.358e+28 1200 None 1254.9961591957397
8.358e+28 1300 None 3974.410072378679
8.358e+28 1400 None 11873.914743203837
8.358e+28 1500 None 37796.57793973461
8.358e+28 1600 None 151810.6981932261
8.358e+28 1700 None 1087307.1947951943
8.358e+28 1800 None 46312979.40148038
8.358e+28 1900 None 308154674870.9409
8.358e+28 2000 None 107355317848.3717
9.552e+28 300 None 1502.612473430678
9.552e+28 400 None 1359.6316809715383
9.552e+28 500 None 1191.1668049135912
9.552e+28 600 None 991.1146768673071
9.552e+28 700 None 771.7157994939221
9.552e+28 800 None 550.7984513755931
9.552e+28 900 None 349.7294587314686
9.552e+28 1000 None 191.51395755196418
9.552e+28 1100 None 120.3689919775607
9.552e+28 1200 None 218.7519189339769
9.552e+28 1300 None 660.1330809558492
9.552e+28 1400 None 1844.256311719341
9.552e+28 1500 None 4727.928321059085
9.552e+28 1600 None 11943.689549920933
9.552e+28 1700 None 31912.98042114089
9.552e+28 1800 None 99831.17378064213
9.552e+28 1900 None 440611.5111806161
9.552e+28 2000 None 4498376.5037751105
1.0746000000000001e+29 300 None 1533.2325418391804
1.0746000000000001e+29 400 None 1406.8383100427839
1.0746000000000001e+29 500 None 1259.8866958051499
1.0746000000000001e+29 600 None 1086.860262865089
1.0746000000000001e+29 700 None 897.4881424790058
1.0746000000000001e+29 800 None 704.8962343450928
1.0746000000000001e+29 900 None 522.6675322573241
1.0746000000000001e+29 1000 None 359.01288991680957
1.0746000000000001e+29 1100 None 229.6737332884056
1.0746000000000001e+29 1200 None 157.74769244671697
1.0746000000000001e+29 1300 None 188.9166347393434
1.0746000000000001e+29 1400 None 407.31486690804513
1.0746000000000001e+29 1500 None 983.6517460251251
1.0746000000000001e+29 1600 None 2276.7433382171926
1.0746000000000001e+29 1700 None 5083.855265194339
1.0746000000000001e+29 1800 None 11371.836656025476
1.0746000000000001e+29 1900 None 26628.083137501784
1.0746000000000001e+29 2000 None 69943.97108281252
1.1940000000000002e+29 300 None 1557.9778871855117
1.1940000000000002e+29 400 None 1444.6948869890778
1.1940000000000002e+29 500 None 1314.4101027816791
1.1940000000000002e+29 600 None 1162.1710312140387
1.1940000000000002e+29 700 None 996.2209091377172
1.1940000000000002e+29 800 None 827.2695223530618
1.1940000000000002e+29 900 None 665.6094662682365
1.1940000000000002e+29 1000 None 514.4239389523219
1.1940000000000002e+29 1100 None 380.9497059051059
1.1940000000000002e+29 1200 None 271.96188579319465
1.1940000000000002e+29 1300 None 201.9240601639878
1.1940000000000002e+29 1400 None 196.64651427692607
1.1940000000000002e+29 1500 None 301.46152259453993
1.1940000000000002e+29 1600 None 597.7871992297556
1.1940000000000002e+29 1700 None 1244.2572376009082
1.1940000000000002e+29 1800 None 2547.6211170445076
1.1940000000000002e+29 1900 None 5133.633630672329
1.1940000000000002e+29 2000 None 10456.146844846326
1.194e+28 300 0.001 102741834.8234712
1.194e+28 400 0.001 1620013855.3249419
1.194e+28 500 0.001 1478813828.8530703
1.194e+28 600 0.001 43602946900.41712
1.194e+28 700 0.001 1400175434.5420914
1.194e+28 800 0.001 212777708.71113837
1.194e+28 900 0.001 222265735.83769843
1.194e+28 1000 0.001 15394064.439595638
1.194e+28 1100 0.001 2330457.692201282
1.194e+28 1200 0.001 124269.80213692143
1.194e+28 1300 0.001 8182.239075189857
1.194e+28 1400 0.001 1792.3986959923195
1.194e+28 1500 0.001 1792.3986959923195
1.194e+28 1600 0.001 1792.3986959923195
1.194e+28 1700 0.001 1792.3986959923195
1.194e+28 1800 0.001 1792.3986959923195
1.194e+28 1900 0.001 1792.3986959923195
1.194e+28 2000 0.001 1792.3986959923195
2.388e+28 300 0.001 1220.179070726943
2.388e+28 400 0.001 418.7557673798283
2.388e+28 500 0.001 377442.87569943717
2.388e+28 600 0.001 1279718779.4902196
2.388e+28 700 0.001 9558716634246.059
2.388e+28 800 0.001 9771165494.572369
2.388e+28 900 0.001 447539051.5531556
2.388e+28 1000 0.001 2526985696.908123
2.388e+28 1100 0.001 609179616.1538272
2.388e+28 1200 0.001 1173022977.4360697
2.388e+28 1300 0.001 46114831.846792534
2.388e+28 1400 0.001 6358028.495210627
2.388e+28 1500 0.001 467431.6239828504
2.388e+28 1600 0.001 16120.774459375178
2.388e+28 1700 0.001 1735.297908358824
2.388e+28 1800 0.001 1792.2534071333448
2.388e+28 1900 0.001 1792.3918524791973
2.388e+28 2000 0.001 1792.3983124290883
3.5820000000000003e+28 300 0.001 1522.1892205980957
3.5820000000000003e+28 400 0.001 1106.5832439287542
3.5820000000000003e+28 500 0.001 384.10471985057495
3.5820000000000003e+28 600 0.001 1074.3712824280303
3.5820000000000003e+28 700 0.001 69108.98629653714
3.5820000000000003e+28 800 0.001 53489343764.41379
3.5820000000000003e+28 900 0.001 4116452774.9381585
3.5820000000000003e+28 1000 0.001 32548001262.255836
3.5820000000000003e+28 1100 0.001 944522263.4142784
3.5820000000000003e+28 1200 0.001 10363473410.621742
3.5820000000000003e+28 1300 0.001 7040679478.675144
3.5820000000000003e+28 1400 0.001 504127943.83483607
3.5820000000000003e+28 1500 0.001 366967492.5113653
3.5820000000000003e+28 1600 0.001 60634001.73638326
3.5820000000000003e+28 1700 0.001 6394382.753563258
3.5820000000000003e+28 1800 0.001 1966.4014743514063
3.5820000000000003e+28 1900 0.001 30349.62876029227
3.5820000000000003e+28 2000 0.001 1695.0070323564762
4.776e+28 300 0.001 1621.0998675440665
4.776e+28 400 0.001 1382.8154185611795
4.776e+28 500 0.001 952.7040997239684
4.776e+28 600 0.001 355.98885659975474
4.776e+28 700 0.001 106.3073954753769
4.776e+28 800 0.001 3815.63149925532
4.776e+28 900 0.001 53043.90350515287
4.776e+28 1000 0.001 2799117.2489055647
4.776e+28 1100 0.001 17773660729.102547
4.776e+28 1200 0.001 6784609022.843301
4.776e+28 1300 0.001 9255107089.739628
4.776e+28 1400 0.001 1828773266890.2983
4.776e+28 1500 0.001 776077670.4602305
4.776e+28 1600 0.001 4775615410.10825
4.776e+28 1700 0.001 2266.637568023969
4.776e+28 1800 0.001 98233184.64502828
4.776e+28 1900 0.001 702242.0606273502
4.776e+28 2000 0.001 4039171.95218088
5.970000000000001e+28 300 0.001 1668.9486796905244
5.970000000000001e+28 400 0.001 1506.4387092011466
5.970000000000001e+28 500 0.001 1220.283205716874
5.970000000000001e+28 600 0.001 798.7026844313291
5.970000000000001e+28 700 0.001 310.8617053499213
5.970000000000001e+28 800 0.001 24.944209705419503
5.970000000000001e+28 900 0.001 899.9639517880402
5.970000000000001e+28 1000 0.001 7250.423681227691
5.970000000000001e+28 1100 0.001 47814.14957226651
5.970000000000001e+28 1200 0.001 565239.9191423258
5.970000000000001e+28 1300 0.001 139315957.34585953
5.970000000000001e+28 1400 0.001 31611271476.637333
5.970000000000001e+28 1500 0.001 8303025603.768669
5.970000000000001e+28 1600 0.001 47030399999.84608
5.970000000000001e+28 1700 0.001 16957410911.897509
5.970000000000001e+28 1800 0.001 1677278391.1918874
5.970000000000001e+28 1900 0.001 2657719950.165732
5.970000000000001e+28 2000 0.001 1095746680.8987794
7.1640000000000006e+28 300 0.001 1696.8031371750485
7.1640000000000006e+28 400 0.001 1575.1515099768678
7.1640000000000006e+28 500 0.001 1364.9825433476637
7.1640000000000006e+28 600 0.001 1055.5331505704528
7.1640000000000006e+28 700 0.001 670.393319620829
7.1640000000000006e+28 800 0.001 277.1865112166722
7.1640000000000006e+28 900 0.001 34.48661325354798
7.1640000000000006e+28 1000 0.001 330.57061422493996
7.1640000000000006e+28 1100 0.001 2282.3531975360006
7.1640000000000006e+28 1200 0.001 9958.510913167644
7.1640000000000006e+28 1300 0.001 42784.82652806585
7.1640000000000006e+28 1400 0.001 256946.07609928242
7.1640000000000006e+28 1500 0.001 4681367.559512914
7.1640000000000006e+28 1600 0.001 166657683012.5734
7.1640000000000006e+28 1700 0.001 5571093855.479385
7.1640000000000006e+28 1800 0.001 8816361816.219364
7.1640000000000006e+28 1900 0.001 2995427432.5008507
7.1640000000000006e+28 2000 0.001 21553851931.782093
8.358e+28 300 0.001 1714.8879272946913
8.358e+28 400 0.001 1618.4537450956518
8.358e+28 500 0.001 1454.0824267628473
8.358e+28 600 0.001 1213.67254335901
8.358e+28 700 0.001 910.4402869739442
8.358e+28 800 0.001 575.4842200844579
8.358e+28 900 0.001 263.6939164279728
8.358e+28 1000 0.001 66.22835136699635
8.358e+28 1100 0.001 168.4550456213875
8.358e+28 1200 0.001 983.3015228927629
8.358e+28 1300 0.001 3605.377422046313
8.358e+28 1400 0.001 11426.173573830265
8.358e+28 1500 0.001 37275.71254636208
8.358e+28 1600 0.001 151182.81739879766
8.358e+28 1700 0.001 1086362.3654088317
8.358e+28 1800 0.001 46309687.88230366
8.358e+28 1900 0.001 308154456917.41595
8.358e+28 2000 0.001 107355251712.99547
9.552e+28 300 0.001 1727.509512696479
9.552e+28 400 0.001 1648.0567134807495
9.552e+28 500 0.001 1513.9464791151045
9.552e+28 600 0.001 1319.0659908300331
9.552e+28 700 0.001 1072.8812022853954
9.552e+28 800 0.001 795.094049187663
9.552e+28 900 0.001 514.7949892602824
9.552e+28 1000 0.001 266.3418633019639
9.552e+28 1100 0.001 106.47091036028735
9.552e+28 1200 0.001 129.47669755074295
9.552e+28 1300 0.001 514.5952910420165
9.552e+28 1400 0.001 1663.5287327739172
9.552e+28 1500 0.001 4531.7523692181785
9.552e+28 1600 0.001 11746.977290086885
9.552e+28 1700 0.001 31721.80936204129
9.552e+28 1800 0.001 99645.57767974204
9.552e+28 1900 0.001 440411.8957054035
9.552e+28 2000 0.001 4498074.025013016
1.0746000000000001e+29 300 0.001 1736.783400997784
1.0746000000000001e+29 400 0.001 1669.4819240044974
1.0746000000000001e+29 500 0.001 1556.7082581809182
1.0746000000000001e+29 600 0.001 1393.7231541948265
1.0746000000000001e+29 700 0.001 1188.1290567089677
1.0746000000000001e+29 800 0.001 954.630913638451
1.0746000000000001e+29 900 0.001 712.7918379176538
1.0746000000000001e+29 1000 0.001 480.48321116445254
1.0746000000000001e+29 1100 0.001 283.0118460381132
1.0746000000000001e+29 1200 0.001 151.57241591974372
1.0746000000000001e+29 1300 0.001 138.18914426605693
1.0746000000000001e+29 1400 0.001 328.49029336168286
1.0746000000000001e+29 1500 0.001 892.1682531834549
1.0746000000000001e+29 1600 0.001 2185.076413041341
1.0746000000000001e+29 1700 0.001 4999.541604298655
1.0746000000000001e+29 1800 0.001 11299.510384841915
1.0746000000000001e+29 1900 0.001 26568.409564741014
1.0746000000000001e+29 2000 0.001 69895.5147078012
1.1940000000000002e+29 300 0.001 1743.86523747942
1.1940000000000002e+29 400 0.001 1685.6563191887317
1.1940000000000002e+29 500 0.001 1588.663691503838
1.1940000000000002e+29 600 0.001 1449.1065364797912
1.1940000000000002e+29 700 0.001 1273.442217012027
1.1940000000000002e+29 800 0.001 1073.6188166689753
1.1940000000000002e+29 900 0.001 864.6034316546616
1.1940000000000002e+29 1000 0.001 657.91404767667
1.1940000000000002e+29 1100 0.001 468.34556791974694
1.1940000000000002e+29 1200 0.001 309.29212451380874
1.1940000000000002e+29 1300 0.001 199.89297070356923
1.1940000000000002e+29 1400 0.001 168.02848501955089
1.1940000000000002e+29 1500 0.001 258.85063659834617
1.1940000000000002e+29 1600 0.001 551.2699632895602
1.1940000000000002e+29 1700 0.001 1200.0613264957292
1.1940000000000002e+29 1800 0.001 2509.892229807204
1.1940000000000002e+29 1900 0.001 5103.7038470213165
1.1940000000000002e+29 2000 0.001 10433.816397447985
1.194e+28 300 0.005 102934309.94349389
1.194e+28 400 0.005 1621342401.1315978
1.194e+28 500 0.005 1480897940.0805721
1.194e+28 600 0.005 43620086503.37607
1.194e+28 700 0.005 1404151769.9374986
1.194e+28 800 0.005 214591697.07872397
1.194e+28 900 0.005 223881298.0803882
1.194e+28 1000 0.005 15827167.661888905
1.194e+28 1100 0.005 2340247.421569495
1.194e+28 1200 0.005 153504.07197248223
1.194e+28 1300 0.005 13199.060570766515
1.194e+28 1400 0.005 1897.835874272992
1.194e+28 1500 0.005 1792.2020406778154
1.194e+28 1600 0.005 1791.752046053756
1.194e+28 1700 0.005 1792.2425706255488
1.194e+28 1800 0.005 1792.3986959857314
1.194e+28 1900 0.005 1792.3986933503204
1.194e+28 2000 0.005 1792.3986959923195
2.388e+28 300 0.005 1034.248676901575
2.388e+28 400 0.005 459.8137774807754
2.388e+28 500 0.005 387039.5240765615
2.388e+28 600 0.005 1280458194.6775496
2.388e+28 700 0.005 9558807790227.166
2.388e+28 800 0.005 9774390461.059362
2.388e+28 900 0.005 448276862.6211595
2.388e+28 1000 0.005 2528680459.3346896
2.388e+28 1100 0.005 609886209.952009
2.388e+28 1200 0.005 1173351013.6434991
2.388e+28 1300 0.005 46125542.801691465
2.388e+28 1400 0.005 6366261.306196839
2.388e+28 1500 0.005 469086.8727624792
2.388e+28 1600 0.005 16154.376737291028
2.388e+28 1700 0.005 1735.2863262153517
2.388e+28 1800 0.005 1792.2533818912846
2.388e+28 1900 0.005 1792.3918518959724
2.388e+28 2000 0.005 1792.3983124080032
3.5820000000000003e+28 300 0.005 1371.3448206563958
3.5820000000000003e+28 400 0.005 902.5255850234157
3.5820000000000003e+28 500 0.005 250.01880008215323
3.5820000000000003e+28 600 0.005 1467.141039732923
3.5820000000000003e+28 700 0.005 72754.58851042176
3.5820000000000003e+28 800 0.005 53493014098.37107
3.5820000000000003e+28 900 0.005 4117545631.1843305
3.5820000000000003e+28 1000 0.005 32551431494.851254
3.5820000000000003e+28 1100 0.005 945058428.5902623
3.5820000000000003e+28 1200 0.005 10365084984.015982
3.5820000000000003e+28 1300 0.005 7041662007.210319
3.5820000000000003e+28 1400 0.005 504310337.30769885
3.5820000000000003e+28 1500 0.005 367043351.2787024
3.5820000000000003e+28 1600 0.005 60646420.691879556
3.5820000000000003e+28 1700 0.005 6396080.155461896
3.5820000000000003e+28 1800 0.005 1966.4214146659713
3.5820000000000003e+28 1900 0.005 30353.983172948905
3.5820000000000003e+28 2000 0.005 1695.0086702054589
4.776e+28 300 0.005 1505.0246877483567
4.776e+28 400 0.005 1208.7687912984265
4.776e+28 500 0.005 750.5753572118053
4.776e+28 600 0.005 214.23168085525955
4.776e+28 700 0.005 205.96928604178865
4.776e+28 800 0.005 4540.377680769708
4.776e+28 900 0.005 55643.595216552305
4.776e+28 1000 0.005 2815831.1002315306
4.776e+28 1100 0.005 17775048294.910652
4.776e+28 1200 0.005 6785400047.554545
4.776e+28 1300 0.005 9255930067.698149
4.776e+28 1400 0.005 1828780377593.3904
4.776e+28 1500 0.005 776203695.4217753
4.776e+28 1600 0.005 4775805056.383044
4.776e+28 1700 0.005 2266.638458062488
4.776e+28 1800 0.005 98239562.20776671
4.776e+28 1900 0.005 702249.431113583
4.776e+28 2000 0.005 4039230.876341064
5.970000000000001e+28 300 0.005 1575.938899713776
5.970000000000001e+28 400 0.005 1362.627861032992
5.970000000000001e+28 500 0.005 1036.5207054946225
5.970000000000001e+28 600 0.005 611.5748277017177
5.970000000000001e+28 700 0.005 185.70906186563778
5.970000000000001e+28 800 0.005 57.34261882205296
5.970000000000001e+28 900 0.005 1213.564641999873
5.970000000000001e+28 1000 0.005 8053.958491997392
5.970000000000001e+28 1100 0.005 49572.92371212
5.970000000000001e+28 1200 0.005 569959.1866120733
5.970000000000001e+28 1300 0.005 139372360.36204767
5.970000000000001e+28 1400 0.005 31612082105.435238
5.970000000000001e+28 1500 0.005 8303331657.520788
5.970000000000001e+28 1600 0.005 47030953746.5709
5.970000000000001e+28 1700 0.005 16957612531.802006
5.970000000000001e+28 1800 0.005 1677310886.3378692
5.970000000000001e+28 1900 0.005 2657739338.038261
5.970000000000001e+28 2000 0.005 1095751040.301616
7.1640000000000006e+28 300 0.005 1619.6500656940568
7.1640000000000006e+28 400 0.005 1454.1658578033077
7.1640000000000006e+28 500 0.005 1204.446929375618
7.1640000000000006e+28 600 0.005 875.4384097105104
7.1640000000000006e+28 700 0.005 505.8631039057782
7.1640000000000006e+28 800 0.005 174.63216098819018
7.1640000000000006e+28 900 0.005 45.120087140092814
7.1640000000000006e+28 1000 0.005 500.1938745734105
7.1640000000000006e+28 1100 0.005 2659.4346625329404
7.1640000000000006e+28 1200 0.005 10598.523895353692
7.1640000000000006e+28 1300 0.005 43792.589828323646
7.1640000000000006e+28 1400 0.005 258663.7233936097
7.1640000000000006e+28 1500 0.005 4686072.494846525
7.1640000000000006e+28 1600 0.005 166658450770.09314
7.1640000000000006e+28 1700 0.005 5571174629.385299
7.1640000000000006e+28 1800 0.005 8816427190.271416
7.1640000000000006e+28 1900 0.005 2995448001.982951
7.1640000000000006e+28 2000 0.005 21553881429.63129
8.358e+28 300 0.005 1649.1814231725189
8.358e+28 400 0.005 1514.5910386172893
8.358e+28 500 0.005 1313.4761441850007
8.358e+28 600 0.005 1048.9013639868165
8.358e+28 700 0.005 744.2865261530145
8.358e+28 800 0.005 437.1732948896969
8.358e+28 900 0.005 183.07319131508052
8.358e+28 1000 0.005 69.41859047760951
8.358e+28 1100 0.005 268.52763493879763
8.358e+28 1200 0.005 1185.5279354842346
8.358e+28 1300 0.005 3905.8433210506946
8.358e+28 1400 0.005 11814.77895212186
8.358e+28 1500 0.005 37750.309905097776
8.358e+28 1600 0.005 151775.09267141717
8.358e+28 1700 0.005 1087275.2636900814
8.358e+28 1800 0.005 46312919.72779817
8.358e+28 1900 0.005 308154672867.6994
8.358e+28 2000 0.005 107355317590.21297
9.552e+28 300 0.005 1670.4118287256556
9.552e+28 400 0.005 1557.3350483245063
9.552e+28 500 0.005 1389.5817562992897
9.552e+28 600 0.005 1169.669486748347
9.552e+28 700 0.005 914.8379077273062
9.552e+28 800 0.005 649.4411707444538
9.552e+28 900 0.005 402.59381232633694
9.552e+28 1000 0.005 205.34616129221217
9.552e+28 1100 0.005 106.69431831975
9.552e+28 1200 0.005 190.9376943756052
9.552e+28 1300 0.005 629.4447633898199
9.552e+28 1400 0.005 1817.5869444890461
9.552e+28 1500 0.005 4708.433396419269
9.552e+28 1600 0.005 11931.101620650805
9.552e+28 1700 0.005 31905.575734725382
9.552e+28 1800 0.005 99827.24882303053
9.552e+28 1900 0.005 440609.4080342917
9.552e+28 2000 0.005 4498375.1088437
1.0746000000000001e+29 300 0.005 1686.3767449721418
1.0746000000000001e+29 400 0.005 1589.0997384586294
1.0746000000000001e+29 500 0.005 1445.5584013759906
1.0746000000000001e+29 600 0.005 1258.0365750500835
1.0746000000000001e+29 700 0.005 1040.4711098962007
1.0746000000000001e+29 800 0.005 811.3466034307521
1.0746000000000001e+29 900 0.005 590.2726412484394
1.0746000000000001e+29 1000 0.005 392.6190164172271
1.0746000000000001e+29 1100 0.005 237.8697001542383
1.0746000000000001e+29 1200 0.005 150.62566811410923
1.0746000000000001e+29 1300 0.005 175.7280808352936
1.0746000000000001e+29 1400 0.005 394.10806219949404
1.0746000000000001e+29 1500 0.005 973.553817073399
1.0746000000000001e+29 1600 0.005 2270.215178054938
1.0746000000000001e+29 1700 0.005 5080.1876254910385
1.0746000000000001e+29 1800 0.005 11370.091540060499
1.0746000000000001e+29 1900 0.005 26627.349677369264
1.0746000000000001e+29 2000 0.005 69943.70151661777
1.1940000000000002e+29 300 0.005 1698.798629267433
1.1940000000000002e+29 400 0.005 1613.593454925583
1.1940000000000002e+29 500 0.005 1488.375504209556
1.1940000000000002e+29 600 0.005 1325.2792484322035
1.1940000000000002e+29 700 0.005 1136.1385744832485
1.1940000000000002e+29 800 0.005 936.1650453717482
1.1940000000000002e+29 900 0.005 740.4939104787871
1.1940000000000002e+29 1000 0.005 558.7953880558399
1.1940000000000002e+29 1100 0.005 401.40441390237135
1.1940000000000002e+29 1200 0.005 276.65701356206426
1.1940000000000002e+29 1300 0.005 198.46086157264614
1.1940000000000002e+29 1400 0.005 190.64512783360718
1.1940000000000002e+29 1500 0.005 296.0891325939823
1.1940000000000002e+29 1600 0.005 594.0913637667278
1.1940000000000002e+29 1700 0.005 1242.1167002056013
1.1940000000000002e+29 1800 0.005 2546.598046853161
1.1940000000000002e+29 1900 0.005 5133.213393743035
1.1940000000000002e+29 2000 0.005 10456.0010684545
1.194e+28 300 0.0025 102856814.51831561
1.194e+28 400 0.0025 1620849336.2921653
1.194e+28 500 0.0025 1480189094.447333
1.194e+28 600 0.0025 43614839536.0512
1.194e+28 700 0.0025 1403059868.2412276
1.194e+28 800 0.0025 214153369.10215506
1.194e+28 900 0.0025 223542629.18636218
1.194e+28 1000 0.0025 15753186.187918456
1.194e+28 1100 0.0025 2338837.021123655
1.194e+28 1200 0.0025 150871.4387311658
1.194e+28 1300 0.0025 12927.07944873184
1.194e+28 1400 0.0025 1882.5904536487637
1.194e+28 1500 0.0025 1792.202400788534
1.194e+28 1600 0.0025 1791.7547003040395
1.194e+28 1700 0.0025 1792.2438819785975
1.194e+28 1800 0.0025 1792.3986959857384
1.194e+28 1900 0.0025 1792.3986933677875
1.194e+28 2000 0.0025 1792.3986959923195
2.388e+28 300 0.0025 1111.3135504833658
2.388e+28 400 0.0025 433.6612650837905
2.388e+28 500 0.0025 383318.00284035795
2.388e+28 600 0.0025 1280186387.4793255
2.388e+28 700 0.0025 9558774990254.35
2.388e+28 800 0.0025 9773325832.447552
2.388e+28 900 0.0025 448050653.16970223
2.388e+28 1000 0.0025 2528186437.3009825
2.388e+28 1100 0.0025 609695659.4452113
2.388e+28 1200 0.0025 1173261299.4366024
2.388e+28 1300 0.0025 46122720.12251986
2.388e+28 1400 0.0025 6364524.694491995
2.388e+28 1500 0.0025 468817.5217563003
2.388e+28 1600 0.0025 16149.738400952954
2.388e+28 1700 0.0025 1735.2872739089053
2.388e+28 1800 0.0025 1792.2533831611086
2.388e+28 1900 0.0025 1792.3918519056626
2.388e+28 2000 0.0025 1792.39831240809
3.5820000000000003e+28 300 0.0025 1437.9658098220198
3.5820000000000003e+28 400 0.0025 988.1046050810357
3.5820000000000003e+28 500 0.0025 298.5676998639698
3.5820000000000003e+28 600 0.0025 1302.1863790252066
3.5820000000000003e+28 700 0.0025 71393.07409536376
3.5820000000000003e+28 800 0.0025 53491723641.57786
3.5820000000000003e+28 900 0.0025 4117182520.544875
3.5820000000000003e+28 1000 0.0025 32550354836.58736
3.5820000000000003e+28 1100 0.0025 944903054.9411206
3.5820000000000003e+28 1200 0.0025 10364649004.07247
3.5820000000000003e+28 1300 0.0025 7041417607.310472
3.5820000000000003e+28 1400 0.0025 504270994.40321577
3.5820000000000003e+28 1500 0.0025 367028584.74317867
3.5820000000000003e+28 1600 0.0025 60644332.03359179
3.5820000000000003e+28 1700 0.0025 6395861.324582692
3.5820000000000003e+28 1800 0.0025 1966.418701664333
3.5820000000000003e+28 1900 0.0025 30353.730121793327
3.5820000000000003e+28 2000 0.0025 1695.0086041694635
4.776e+28 300 0.0025 1557.5758377951463
4.776e+28 400 0.0025 1284.6388853692415
4.776e+28 500 0.0025 833.2657746411447
4.776e+28 600 0.0025 265.337944978852
4.776e+28 700 0.0025 158.06332563022497
4.776e+28 800 0.0025 4262.028645875579
4.776e+28 900 0.0025 54727.08228873957
4.776e+28 1000 0.0025 2810383.689604338
4.776e+28 1100 0.0025 17774624862.462982
4.776e+28 1200 0.0025 6785177587.301355
4.776e+28 1300 0.0025 9255720375.831083
4.776e+28 1400 0.0025 1828778528440.9868
4.776e+28 1500 0.0025 776179390.3061037
4.776e+28 1600 0.0025 4775773167.441358
4.776e+28 1700 0.0025 2266.6382493561737
4.776e+28 1800 0.0025 98238928.84161995
4.776e+28 1900 0.0025 702248.6674738665
4.776e+28 2000 0.0025 4039227.8622203358
5.970000000000001e+28 300 0.0025 1618.6557163894126
5.970000000000001e+28 400 0.0025 1426.5806255283824
5.970000000000001e+28 500 0.0025 1114.1379269170886
5.970000000000001e+28 600 0.0025 685.3339507870445
5.970000000000001e+28 700 0.0025 229.3779290582652
5.970000000000001e+28 800 0.0025 37.77527458660632
5.970000000000001e+28 900 0.0025 1092.1608897764127
5.970000000000001e+28 1000 0.0025 7771.737312517448
5.970000000000001e+28 1100 0.0025 49006.7323652884
5.970000000000001e+28 1200 0.0025 568577.056074211
5.970000000000001e+28 1300 0.0025 139357544.45113033
5.970000000000001e+28 1400 0.0025 31611891216.226814
5.970000000000001e+28 1500 0.0025 8303269599.735448
5.970000000000001e+28 1600 0.0025 47030858135.93561
5.970000000000001e+28 1700 0.0025 16957584171.358574
5.970000000000001e+28 1800 0.0025 1677307437.9208765
5.970000000000001e+28 1900 0.0025 2657737805.150244
5.970000000000001e+28 2000 0.0025 1095750799.5077102
7.1640000000000006e+28 300 0.0025 1655.42891767349
7.1640000000000006e+28 400 0.0025 1508.6649548908802
7.1640000000000006e+28 500 0.0025 1273.503128274945
7.1640000000000006e+28 600 0.0025 948.6213966930319
7.1640000000000006e+28 700 0.0025 568.234282639118
7.1640000000000006e+28 800 0.0025 209.0379446843651
7.1640000000000006e+28 900 0.0025 35.000321872210215
7.1640000000000006e+28 1000 0.0025 434.49505481101954
7.1640000000000006e+28 1100 0.0025 2529.9851248223827
7.1640000000000006e+28 1200 0.0025 10399.007347718407
7.1640000000000006e+28 1300 0.0025 43511.00036708488
7.1640000000000006e+28 1400 0.0025 258241.68612976492
7.1640000000000006e+28 1500 0.0025 4685083.186928407
7.1640000000000006e+28 1600 0.0025 166658313354.11346
7.1640000000000006e+28 1700 0.0025 5571162899.7978525
7.1640000000000006e+28 1800 0.0025 8816419809.458141
7.1640000000000006e+28 1900 0.0025 2995446297.380788
7.1640000000000006e+28 2000 0.0025 21553879680.820282
8.358e+28 300 0.0025 1679.8703422303604
8.358e+28 400 0.0025 1561.8106957387965
8.358e+28 500 0.0025 1374.7158472932026
8.358e+28 600 0.0025 1117.0800805225133
8.358e+28 700 0.0025 809.2395077952871
8.358e+28 800 0.0025 487.6449372423262
8.358e+28 900 0.0025 208.89054585383315
8.358e+28 1000 0.0025 63.512622790158005
8.358e+28 1100 0.0025 230.31188827480256
8.358e+28 1200 0.0025 1118.3483120702247
8.358e+28 1300 0.0025 3817.2146018267163
8.358e+28 1400 0.0025 11713.60356093549
8.358e+28 1500 0.0025 37643.99487608734
8.358e+28 1600 0.0025 151663.92354098347
8.358e+28 1700 0.0025 1087135.4336339121
8.358e+28 1800 0.0025 46312535.38706781
8.358e+28 1900 0.0025 308154653356.9481
8.358e+28 2000 0.0025 107355313364.16013
9.552e+28 300 0.0025 1697.2291998407584
9.552e+28 400 0.0025 1598.8728517464097
9.552e+28 500 0.0025 1444.2495139392142
9.552e+28 600 0.0025 1232.2714740060696
9.552e+28 700 0.0025 977.7706104331214
9.552e+28 800 0.0025 704.3201517288892
9.552e+28 900 0.0025 441.87068830448544
9.552e+28 1000 0.0025 223.8026497660429
9.552e+28 1100 0.0025 103.02249221332285
9.552e+28 1200 0.0025 168.14141613540804
9.552e+28 1300 0.0025 593.3143913135115
9.552e+28 1400 0.0025 1775.30150875004
9.552e+28 1500 0.0025 4666.689616185046
9.552e+28 1600 0.0025 11894.479168878788
9.552e+28 1700 0.0025 31875.525032261477
9.552e+28 1800 0.0025 99803.98027619379
9.552e+28 1900 0.0025 440590.4832856735
9.552e+28 2000 0.0025 4498354.413747923
1.0746000000000001e+29 300 0.0025 1710.159493358716
1.0746000000000001e+29 400 0.0025 1626.1125047601095
1.0746000000000001e+29 500 0.0025 1494.7716497575682
1.0746000000000001e+29 600 0.0025 1315.4381793738205
1.0746000000000001e+29 700 0.0025 1100.036241299694
1.0746000000000001e+29 800 0.0025 866.3773395539005
1.0746000000000001e+29 900 0.0025 634.6481452016167
1.0746000000000001e+29 1000 0.0025 421.9349757371448
1.0746000000000001e+29 1100 0.0025 250.64150029077402
1.0746000000000001e+29 1200 0.0025 148.33074341650544
1.0746000000000001e+29 1300 0.0025 162.48448235919045
1.0746000000000001e+29 1400 0.0025 374.91105129184143
1.0746000000000001e+29 1500 0.0025 953.2968648264097
1.0746000000000001e+29 1600 0.0025 2252.3895519074526
1.0746000000000001e+29 1700 0.0025 5066.251424647882
1.0746000000000001e+29 1800 0.0025 11360.463080746807
1.0746000000000001e+29 1900 0.0025 26621.27310990025
1.0746000000000001e+29 2000 0.0025 69940.09029106787
1.1940000000000002e+29 300 0.0025 1720.1433568620964
1.1940000000000002e+29 400 0.0025 1646.9314837838497
1.1940000000000002e+29 500 0.0025 1533.0415997356504
1.1940000000000002e+29 600 0.0025 1378.061616474165
1.1940000000000002e+29 700 0.0025 1192.0767005515222
1.1940000000000002e+29 800 0.0025 989.6728236353399
1.1940000000000002e+29 900 0.0025 786.3668356922346
1.1940000000000002e+29 1000 0.0025 593.1144223558324
1.1940000000000002e+29 1100 0.0025 422.5061258271081
1.1940000000000002e+29 1200 0.0025 285.21631769627464
1.1940000000000002e+29 1300 0.0025 197.0970900295146
1.1940000000000002e+29 1400 0.0025 183.10962459892485
1.1940000000000002e+29 1500 0.0025 286.1814458070396
1.1940000000000002e+29 1600 0.0025 584.6326301204455
1.1940000000000002e+29 1700 0.0025 1234.4668598752876
1.1940000000000002e+29 1800 0.0025 2541.303953436606
1.1940000000000002e+29 1900 0.0025 5129.972775235098
1.1940000000000002e+29 2000 0.0025 10454.211158401444
1.194e+28 300 0.0075 102982254.60482085
1.194e+28 400 0.0075 1621622086.44152
1.194e+28 500 0.0075 1481261680.9154363
1.194e+28 600 0.0075 43622549219.50985
1.194e+28 700 0.0075 1404622013.0186613
1.194e+28 800 0.0075 214764469.25856212
1.194e+28 900 0.0075 224004644.5754228
1.194e+28 1000 0.0075 15851023.199198399
1.194e+28 1100 0.0075 2340689.0822313395
1.194e+28 1200 0.0075 154131.40882639374
1.194e+28 1300 0.0075 13253.11185037491
1.194e+28 1400 0.0075 1900.2211167197431
1.194e+28 1500 0.0075 1792.2019986294017
1.194e+28 1600 0.0075 1791.7518987295673
1.194e+28 1700 0.0075 1792.2425501254404
1.194e+28 1800 0.0075 1792.3986959857314
1.194e+28 1900 0.0075 1792.398693350317
1.194e+28 2000 0.0075 1792.3986959923195
2.388e+28 300 0.0075 986.5670748552319
2.388e+28 400 0.0075 483.1323978913293
2.388e+28 500 0.0075 389195.2247030072
2.388e+28 600 0.0075 1280606590.2537997
2.388e+28 700 0.0075 9558825231265.355
2.388e+28 800 0.0075 9774902979.19803
2.388e+28 900 0.0075 448377212.76119184
2.388e+28 1000 0.0075 2528888784.065333
2.388e+28 1100 0.0075 609960080.6542419
2.388e+28 1200 0.0075 1173386854.5318682
2.388e+28 1300 0.0075 46126646.79440185
2.388e+28 1400 0.0075 6366784.9615897015
2.388e+28 1500 0.0075 469149.1552653121
2.388e+28 1600 0.0075 16155.269921739364
2.388e+28 1700 0.0075 1735.2862278868547
2.388e+28 1800 0.0075 1792.2533818058387
2.388e+28 1900 0.0075 1792.3918518957087
2.388e+28 2000 0.0075 1792.3983124079998
3.5820000000000003e+28 300 0.0075 1326.7651300695152
3.5820000000000003e+28 400 0.0075 849.564432842043
3.5820000000000003e+28 500 0.0075 226.99185226305588
3.5820000000000003e+28 600 0.0075 1571.1930784707326
3.5820000000000003e+28 700 0.0075 73494.67311669396
3.5820000000000003e+28 800 0.0075 53493669174.802666
3.5820000000000003e+28 900 0.0075 4117717249.7249446
3.5820000000000003e+28 1000 0.0075 32551906090.687332
3.5820000000000003e+28 1100 0.0075 945120622.6935217
3.5820000000000003e+28 1200 0.0075 10365244829.357853
3.5820000000000003e+28 1300 0.0075 7041742740.4698925
3.5820000000000003e+28 1400 0.0075 504321356.35797846
3.5820000000000003e+28 1500 0.0075 367046982.615173
3.5820000000000003e+28 1600 0.0075 60646846.540880755
3.5820000000000003e+28 1700 0.0075 6396112.189645511
3.5820000000000003e+28 1800 0.0075 1966.4217859865325
3.5820000000000003e+28 1900 0.0075 30353.996320910872
3.5820000000000003e+28 2000 0.0075 1695.0086726784016
4.776e+28 300 0.0075 1468.7635804507381
4.776e+28 400 0.0075 1159.2507485598458
4.776e+28 500 0.0075 701.4825940360263
4.776e+28 600 0.0075 189.2687756492106
4.776e+28 700 0.0075 239.7020101082169
4.776e+28 800 0.0075 4694.573247016435
4.776e+28 900 0.0075 56099.94357662648
4.776e+28 1000 0.0075 2818291.932688474
4.776e+28 1100 0.0075 17775225137.93537
4.776e+28 1200 0.0075 6785483737.203686
4.776e+28 1300 0.0075 9255999837.042257
4.776e+28 1400 0.0075 1828780985603.5151
4.776e+28 1500 0.0075 776209499.974153
4.776e+28 1600 0.0075 4775811428.699975
4.776e+28 1700 0.0075 2266.638517082617
4.776e+28 1800 0.0075 98239627.35061541
4.776e+28 1900 0.0075 702249.4948770922
4.776e+28 2000 0.0075 4039230.993849506
5.970000000000001e+28 300 0.0075 1545.9332185395149
5.970000000000001e+28 400 0.0075 1319.753370483506
5.970000000000001e+28 500 0.0075 988.2427535686261
5.970000000000001e+28 600 0.0075 569.8184639864381
5.970000000000001e+28 700 0.0075 164.99369547131943
5.970000000000001e+28 800 0.0075 73.12554888699684
5.970000000000001e+28 900 0.0075 1280.7585228346672
5.970000000000001e+28 1000 0.0075 8192.06009379972
5.970000000000001e+28 1100 0.0075 49821.25134250447
5.970000000000001e+28 1200 0.0075 570496.4402588924
5.970000000000001e+28 1300 0.0075 139377392.87126827
5.970000000000001e+28 1400 0.0075 31612138911.59754
5.970000000000001e+28 1500 0.0075 8303347073.282655
5.970000000000001e+28 1600 0.0075 47030973267.54884
5.970000000000001e+28 1700 0.0075 16957617002.774195
5.970000000000001e+28 1800 0.0075 1677311272.6569533
5.970000000000001e+28 1900 0.0075 2657739452.7113366
5.970000000000001e+28 2000 0.0075 1095751051.0973442
7.1640000000000006e+28 300 0.0075 1594.215281904296
7.1640000000000006e+28 400 0.0075 1416.998067563531
7.1640000000000006e+28 500 0.0075 1160.3794305124597
7.1640000000000006e+28 600 0.0075 832.1823555873932
7.1640000000000006e+28 700 0.0075 472.174402213428
7.1640000000000006e+28 800 0.0075 159.0854606426754
7.1640000000000006e+28 900 0.0075 54.19331804198725
7.1640000000000006e+28 1000 0.0075 535.6644015669971
7.1640000000000006e+28 1100 0.0075 2720.2153389944656
7.1640000000000006e+28 1200 0.0075 10681.086585178224
7.1640000000000006e+28 1300 0.0075 43894.02713194064
7.1640000000000006e+28 1400 0.0075 258793.95292941734
7.1640000000000006e+28 1500 0.0075 4686325.67529432
7.1640000000000006e+28 1600 0.0075 166658479737.5245
7.1640000000000006e+28 1700 0.0075 5571176544.59657
7.1640000000000006e+28 1800 0.0075 8816428077.996908
7.1640000000000006e+28 1900 0.0075 2995448141.5706215
7.1640000000000006e+28 2000 0.0075 21553881518.769653
8.358e+28 300 0.0075 1627.1740243232573
8.358e+28 400 0.0075 1481.9942662454737
8.358e+28 500 0.0075 1273.7217866209467
8.358e+28 600 0.0075 1007.5984056059075
8.358e+28 700 0.0075 707.693905512259
8.358e+28 800 0.0075 411.23197250108376
8.358e+28 900 0.0075 172.10216646247463
8.358e+28 1000 0.0075 75.0180956152229
8.358e+28 1100 0.0075 288.29699329878963
8.358e+28 1200 0.0075 1215.1457620329586
8.358e+28 1300 0.0075 3939.603806175491
8.358e+28 1400 0.0075 11847.77592120006
8.358e+28 1500 0.0075 37779.15680994037
8.358e+28 1600 0.0075 151799.53339405375
8.358e+28 1700 0.0075 1087299.2776036065
8.358e+28 1800 0.0075 46312968.63984678
8.358e+28 1900 0.0075 308154674623.61523
8.358e+28 2000 0.0075 107355317831.52054
9.552e+28 300 0.0075 1651.0514285644106
9.552e+28 400 0.0075 1528.3963237134844
9.552e+28 500 0.0075 1353.6461048679782
9.552e+28 600 0.0075 1131.0996180975226
9.552e+28 700 0.0075 878.5104487546246
9.552e+28 800 0.0075 619.9895769232644
9.552e+28 900 0.0075 383.4989305671001
9.552e+28 1000 0.0075 198.08533812780442
9.552e+28 1100 0.0075 110.20740112217496
9.552e+28 1200 0.0075 202.0059478948416
9.552e+28 1300 0.0075 644.0349274390858
9.552e+28 1400 0.0075 1832.081840353222
9.552e+28 1500 0.0075 4720.334036665899
9.552e+28 1600 0.0075 11939.592951722108
9.552e+28 1700 0.0075 31911.061649721472
9.552e+28 1800 0.0075 99830.42293613056
9.552e+28 1900 0.0075 440611.23255330377
9.552e+28 2000 0.0075 4498376.401663204
1.0746000000000001e+29 300 0.0075 1669.1149003908022
1.0746000000000001e+29 400 0.0075 1563.1262671588036
1.0746000000000001e+29 500 0.0075 1412.8931933723725
1.0746000000000001e+29 600 0.0075 1222.2221091844212
1.0746000000000001e+29 700 0.0075 1005.5042140162647
1.0746000000000001e+29 800 0.0075 781.0668684974175
1.0746000000000001e+29 900 0.0075 567.699956442906
1.0746000000000001e+29 1000 0.0075 379.25984057258637
1.0746000000000001e+29 1100 0.0075 233.27091789300727
1.0746000000000001e+29 1200 0.0075 152.76341723161363
1.0746000000000001e+29 1300 0.0075 181.63067711759263
1.0746000000000001e+29 1400 0.0075 401.0736743439013
1.0746000000000001e+29 1500 0.0075 979.5891107450495
1.0746000000000001e+29 1600 0.0075 2274.54726221095
1.0746000000000001e+29 1700 0.0075 5082.867853662935
1.0746000000000001e+29 1800 0.0075 11371.48557513789
1.0746000000000001e+29 1900 0.0075 26627.979231722824
1.0746000000000001e+29 2000 0.0075 69943.94917959708
1.1940000000000002e+29 300 0.0075 1683.2378605074314
1.1940000000000002e+29 400 0.0075 1590.0604505741776
1.1940000000000002e+29 500 0.0075 1458.4967609747646
1.1940000000000002e+29 600 0.0075 1292.0185533979682
1.1940000000000002e+29 700 0.0075 1102.8813771619264
1.1940000000000002e+29 800 0.0075 906.2081974616524
1.1940000000000002e+29 900 0.0075 716.5439948769456
1.1940000000000002e+29 1000 0.0075 542.380667154754
1.1940000000000002e+29 1100 0.0075 392.4778767328378
1.1940000000000002e+29 1200 0.0075 273.8628080028894
1.1940000000000002e+29 1300 0.0075 199.67565463418026
1.1940000000000002e+29 1400 0.0075 193.66256419896544
1.1940000000000002e+29 1500 0.0075 299.22276927814914
1.1940000000000002e+29 1600 0.0075 596.50224099281
1.1940000000000002e+29 1700 0.0075 1243.660280959218
1.1940000000000002e+29 1800 0.0075 2547.406005033804
1.1940000000000002e+29 1900 0.0075 5133.570574871061
1.1940000000000002e+29 2000 0.0075 10456.133908727186
