# mass(g) temperature(K) clouds reduced_chi_squared
2.9850000000000005e+28 300 None 182.0786082738029
2.9850000000000005e+28 400 None 613.3898579418953
2.9850000000000005e+28 500 None 3849.6914458324627
2.9850000000000005e+28 600 None 136958.735346927
2.9850000000000005e+28 700 None 7637541195.934188
2.9850000000000005e+28 800 None 27088843433.684143
2.9850000000000005e+28 900 None 1581455873.523346
2.9850000000000005e+28 1000 None 11314250942.121416
2.9850000000000005e+28 1100 None 988277392.8388273
2.9850000000000005e+28 1200 None 543332082.8426085
2.9850000000000005e+28 1300 None 1940998009.3055563
2.9850000000000005e+28 1400 None 36508715.63038836
2.9850000000000005e+28 1500 None 6273783.789713486
2.9850000000000005e+28 1600 None 1815651.2875287267
2.9850000000000005e+28 1700 None 167426.6916300749
2.9850000000000005e+28 1800 None 5173.395305631965
2.9850000000000005e+28 1900 None 48.38962015194864
2.9850000000000005e+28 2000 None 46.29029596989122
5.970000000000001e+28 300 None 33.08099139065315
5.970000000000001e+28 400 None 50.637600773592204
5.970000000000001e+28 500 None 107.5701221017747
5.970000000000001e+28 600 None 278.78172300044474
5.970000000000001e+28 700 None 735.0172436386773
5.970000000000001e+28 800 None 1916.089176890515
5.970000000000001e+28 900 None 5147.296285651864
5.970000000000001e+28 1000 None 15803.64807666047
5.970000000000001e+28 1100 None 66113.7498315132
5.970000000000001e+28 1200 None 617097.1368850849
5.970000000000001e+28 1300 None 138609443.41178414
5.970000000000001e+28 1400 None 31323655409.97758
5.970000000000001e+28 1500 None 8231288451.355434
5.970000000000001e+28 1600 None 46569820390.54126
5.970000000000001e+28 1700 None 16787925195.47449
5.970000000000001e+28 1800 None 1661847485.2719858
5.970000000000001e+28 1900 None 2629546330.2744803
5.970000000000001e+28 2000 None 1083842547.0235147
8.955e+28 300 None 23.396514779959844
8.955e+28 400 None 20.403286033459278
8.955e+28 500 None 24.80569300465542
8.955e+28 600 None 49.471088558344235
8.955e+28 700 None 112.05974298324055
8.955e+28 800 None 240.49294096520828
8.955e+28 900 None 471.48923221986166
8.955e+28 1000 None 876.1897546079554
8.955e+28 1100 None 1571.8032275878377
8.955e+28 1200 None 2808.686894814319
8.955e+28 1300 None 5111.346697348442
8.955e+28 1400 None 9758.78370355171
8.955e+28 1500 None 20178.407330012335
8.955e+28 1600 None 47912.35616965384
8.955e+28 1700 None 144889.63421388695
8.955e+28 1800 None 711991.1775819238
8.955e+28 1900 None 11852140.646428727
8.955e+28 2000 None 178122940150.25067
1.1940000000000002e+29 300 None 23.856566467862294
1.1940000000000002e+29 400 None 17.346313229578378
1.1940000000000002e+29 500 None 13.416250963382891
1.1940000000000002e+29 600 None 15.553762990344632
1.1940000000000002e+29 700 None 30.313817175230735
1.1940000000000002e+29 800 None 64.33592085595818
1.1940000000000002e+29 900 None 122.32753457831518
1.1940000000000002e+29 1000 None 213.9550765518083
1.1940000000000002e+29 1100 None 347.3858944656472
1.1940000000000002e+29 1200 None 539.8046745315228
1.1940000000000002e+29 1300 None 815.252495736689
1.1940000000000002e+29 1400 None 1217.5082071520058
1.1940000000000002e+29 1500 None 1812.2281571889464
1.1940000000000002e+29 1600 None 2715.5132592345826
1.1940000000000002e+29 1700 None 4128.194025595387
1.1940000000000002e+29 1800 None 6428.386143135188
1.1940000000000002e+29 1900 None 10355.896537209152
1.1940000000000002e+29 2000 None 17571.58016322404
1.4925000000000001e+29 300 None 25.873680228422995
1.4925000000000001e+29 400 None 18.7055974513942
1.4925000000000001e+29 500 None 12.51087113811497
1.4925000000000001e+29 600 None 9.223786587186115
1.4925000000000001e+29 700 None 11.45142615469608
1.4925000000000001e+29 800 None 21.87210304519458
1.4925000000000001e+29 900 None 42.30774045125605
1.4925000000000001e+29 1000 None 74.96590596543932
1.4925000000000001e+29 1100 None 120.13821730722235
1.4925000000000001e+29 1200 None 180.2266657067229
1.4925000000000001e+29 1300 None 259.2000926051758
1.4925000000000001e+29 1400 None 362.14865745536855
1.4925000000000001e+29 1500 None 497.13200253473804
1.4925000000000001e+29 1600 None 674.8437880298467
1.4925000000000001e+29 1700 None 911.8052825379617
1.4925000000000001e+29 1800 None 1230.7708531115175
1.4925000000000001e+29 1900 None 1663.6313911195762
1.4925000000000001e+29 2000 None 2263.8845293034055
1.791e+29 300 None 27.92613935293488
1.791e+29 400 None 20.927631882710898
1.791e+29 500 None 14.289038139737105
1.791e+29 600 None 9.037377503698613
1.791e+29 700 None 6.926120153494048
1.791e+29 800 None 9.576402353959494
1.791e+29 900 None 17.147913158977634
1.791e+29 1000 None 30.67445813477796
1.791e+29 1100 None 49.86818983556742
1.791e+29 1200 None 75.01218880959452
1.791e+29 1300 None 106.74756410637298
1.791e+29 1400 None 145.61617810916306
1.791e+29 1500 None 193.80305994599524
1.791e+29 1600 None 253.6867644939844
1.791e+29 1700 None 327.74099478761565
1.791e+29 1800 None 420.1641903229167
1.791e+29 1900 None 535.219347327356
1.791e+29 2000 None 679.9351899796973
2.0895000000000002e+29 300 None 29.73500290016652
2.0895000000000002e+29 400 None 23.13238587737924
2.0895000000000002e+29 500 None 16.617938954052786
2.0895000000000002e+29 600 None 10.783157892258057
2.0895000000000002e+29 700 None 6.849897063311868
2.0895000000000002e+29 800 None 5.943892256361918
2.0895000000000002e+29 900 None 8.411805047989109
2.0895000000000002e+29 1000 None 14.484253016867275
2.0895000000000002e+29 1100 None 23.350472011613668
2.0895000000000002e+29 1200 None 35.18914395684529
2.0895000000000002e+29 1300 None 49.99662936379808
2.0895000000000002e+29 1400 None 68.04736206746371
2.0895000000000002e+29 1500 None 89.79844650828076
2.0895000000000002e+29 1600 None 115.69265096902664
2.0895000000000002e+29 1700 None 146.3806430504879
2.0895000000000002e+29 1800 None 183.30698293299065
2.0895000000000002e+29 1900 None 227.39317691909557
2.0895000000000002e+29 2000 None 280.0670879804725
2.3880000000000004e+29 300 None 31.278141680836395
2.3880000000000004e+29 400 None 25.115100761403426
2.3880000000000004e+29 500 None 18.90902585343955
2.3880000000000004e+29 600 None 13.015048078942552
2.3880000000000004e+29 700 None 8.359338921388561
2.3880000000000004e+29 800 None 5.812620365303368
2.3880000000000004e+29 900 None 5.653446843361466
2.3880000000000004e+29 1000 None 7.9783063075643375
2.3880000000000004e+29 1100 None 12.365567089735762
2.3880000000000004e+29 1200 None 18.52665669024293
2.3880000000000004e+29 1300 None 26.02877111536259
2.3880000000000004e+29 1400 None 35.16574048299049
2.3880000000000004e+29 1500 None 46.06847198134225
2.3880000000000004e+29 1600 None 58.89156692345171
2.3880000000000004e+29 1700 None 74.07602636721292
2.3880000000000004e+29 1800 None 91.93036447640124
2.3880000000000004e+29 1900 None 112.37021969282006
2.3880000000000004e+29 2000 None 136.00092246112644
2.6865e+29 300 None 32.588600429869835
2.6865e+29 400 None 26.8489956674871
2.6865e+29 500 None 21.000196724558016
2.6865e+29 600 None 15.257799793322782
2.6865e+29 700 None 10.363846034330065
2.6865e+29 800 None 7.036898913376267
2.6865e+29 900 None 5.534033709405522
2.6865e+29 1000 None 5.87628248519988
2.6865e+29 1100 None 7.734501750517535
2.6865e+29 1200 None 10.827934738675598
2.6865e+29 1300 None 15.018651792138652
2.6865e+29 1400 None 20.16416107247447
2.6865e+29 1500 None 26.026900648698593
2.6865e+29 1600 None 32.880602808741955
2.6865e+29 1700 None 40.95990111546254
2.6865e+29 1800 None 50.35982963276178
2.6865e+29 1900 None 61.10481148445431
2.6865e+29 2000 None 73.48783043794158
2.9850000000000003e+29 300 None 33.706350209761
2.9850000000000003e+29 400 None 28.355524479722444
2.9850000000000003e+29 500 None 22.86201115039659
2.9850000000000003e+29 600 None 17.353892605883697
2.9850000000000003e+29 700 None 12.448853353122207
2.9850000000000003e+29 800 None 8.764393775269896
2.9850000000000003e+29 900 None 6.550161026989157
2.9850000000000003e+29 1000 None 5.792989328209789
2.9850000000000003e+29 1100 None 6.242106869329697
2.9850000000000003e+29 1200 None 7.637143469245153
2.9850000000000003e+29 1300 None 9.82923566793465
2.9850000000000003e+29 1400 None 12.66030089674369
2.9850000000000003e+29 1500 None 16.14928931234901
2.9850000000000003e+29 1600 None 20.22708365866623
2.9850000000000003e+29 1700 None 24.84061912617937
2.9850000000000003e+29 1800 None 30.132075167554955
2.9850000000000003e+29 1900 None 36.15670667250406
2.9850000000000003e+29 2000 None 43.03822117246698
2.9850000000000005e+28 300 0.001 22.58867573395365
2.9850000000000005e+28 400 0.001 131.99664867893702
2.9850000000000005e+28 500 0.001 2292.262039005952
2.9850000000000005e+28 600 0.001 126903.30274249296
2.9850000000000005e+28 700 0.001 7634883220.677822
2.9850000000000005e+28 800 0.001 27083263886.843155
2.9850000000000005e+28 900 0.001 1580122476.896879
2.9850000000000005e+28 1000 0.001 11310680406.273312
2.9850000000000005e+28 1100 0.001 987376871.2068888
2.9850000000000005e+28 1200 0.001 542812549.9394777
2.9850000000000005e+28 1300 0.001 1940526486.657898
2.9850000000000005e+28 1400 0.001 36454686.30743607
2.9850000000000005e+28 1500 0.001 6272488.149068584
2.9850000000000005e+28 1600 0.001 1814554.0104886661
2.9850000000000005e+28 1700 0.001 167253.2306130557
2.9850000000000005e+28 1800 0.001 5170.838107600608
2.9850000000000005e+28 1900 0.001 48.38738644444352
2.9850000000000005e+28 2000 0.001 46.29030114821247
5.970000000000001e+28 300 0.001 31.05392672416227
5.970000000000001e+28 400 0.001 15.988160832010113
5.970000000000001e+28 500 0.001 9.227029943430603
5.970000000000001e+28 600 0.001 65.63563983004106
5.970000000000001e+28 700 0.001 338.92255701851036
5.970000000000001e+28 800 0.001 1249.8507060909565
5.970000000000001e+28 900 0.001 4100.304914419586
5.970000000000001e+28 1000 0.001 14173.340075485437
5.970000000000001e+28 1100 0.001 63402.834078764936
5.970000000000001e+28 1200 0.001 611008.943881359
5.970000000000001e+28 1300 0.001 138544088.96951625
5.970000000000001e+28 1400 0.001 31322757662.096607
5.970000000000001e+28 1500 0.001 8230962184.766481
5.970000000000001e+28 1600 0.001 46569245520.94197
5.970000000000001e+28 1700 0.001 16787720159.75146
5.970000000000001e+28 1800 0.001 1661814905.6379244
5.970000000000001e+28 1900 0.001 2629527046.5755215
5.970000000000001e+28 2000 0.001 1083838228.9007626
8.955e+28 300 0.001 36.895768932059234
8.955e+28 400 0.001 26.20638310894346
8.955e+28 500 0.001 12.333422320997485
8.955e+28 600 0.001 3.9238206895505736
8.955e+28 700 0.001 19.568631236691424
8.955e+28 800 0.001 87.93699058261367
8.955e+28 900 0.001 254.8971733366476
8.955e+28 1000 0.001 596.504316728798
8.955e+28 1100 0.001 1239.5697512592926
8.955e+28 1200 0.001 2440.0738199440434
8.955e+28 1300 0.001 4724.370143850191
8.955e+28 1400 0.001 9369.933190890637
8.955e+28 1500 0.001 19799.71939093765
8.955e+28 1600 0.001 47545.801565457165
8.955e+28 1700 0.001 144515.78881002642
8.955e+28 1800 0.001 711547.4406861924
8.955e+28 1900 0.001 11851227.503607776
8.955e+28 2000 0.001 178122861989.07462
1.1940000000000002e+29 300 0.001 39.704396448802754
1.1940000000000002e+29 400 0.001 31.9241807845861
1.1940000000000002e+29 500 0.001 20.609013431319053
1.1940000000000002e+29 600 0.001 8.659539811689378
1.1940000000000002e+29 700 0.001 2.3755143105480987
1.1940000000000002e+29 800 0.001 10.44570770650225
1.1940000000000002e+29 900 0.001 41.751333854481864
1.1940000000000002e+29 1000 0.001 109.0529410335021
1.1940000000000002e+29 1100 0.001 224.38303670212804
1.1940000000000002e+29 1200 0.001 407.3929870713947
1.1940000000000002e+29 1300 0.001 683.3023384666944
1.1940000000000002e+29 1400 0.001 1094.2554396972744
1.1940000000000002e+29 1500 0.001 1703.8698840584555
1.1940000000000002e+29 1600 0.001 2625.2788090104814
1.1940000000000002e+29 1700 0.001 4056.3871132778313
1.1940000000000002e+29 1800 0.001 6374.249945661769
1.1940000000000002e+29 1900 0.001 10316.735253430104
1.1940000000000002e+29 2000 0.001 17544.388240276807
1.4925000000000001e+29 300 0.001 41.3103008336047
1.4925000000000001e+29 400 0.001 35.29506664819806
1.4925000000000001e+29 500 0.001 26.18996763190099
1.4925000000000001e+29 600 0.001 15.326559393877393
1.4925000000000001e+29 700 0.001 5.863770531249935
1.4925000000000001e+29 800 0.001 1.8788175195308263
1.4925000000000001e+29 900 0.001 7.531837525261939
1.4925000000000001e+29 1000 0.001 26.127794144077715
1.4925000000000001e+29 1100 0.001 61.162801471638076
1.4925000000000001e+29 1200 0.001 116.49073855870863
1.4925000000000001e+29 1300 0.001 195.0227320531676
1.4925000000000001e+29 1400 0.001 302.71720074532567
1.4925000000000001e+29 1500 0.001 444.98307833919796
1.4925000000000001e+29 1600 0.001 632.0623255708941
1.4925000000000001e+29 1700 0.001 878.3549373830125
1.4925000000000001e+29 1800 0.001 1206.0580652268764
1.4925000000000001e+29 1900 0.001 1646.2765082121416
1.4925000000000001e+29 2000 0.001 2252.3045936518934
1.791e+29 300 0.001 42.33774480604901
1.791e+29 400 0.001 37.47560251269615
1.791e+29 500 0.001 29.968987152087408
1.791e+29 600 0.001 20.537965108868402
1.791e+29 700 0.001 11.117224765252827
1.791e+29 800 0.001 4.157583645028056
1.791e+29 900 0.001 2.0169669484231334
1.791e+29 1000 0.001 6.621187630722109
1.791e+29 1100 0.001 18.943237210345806
1.791e+29 1200 0.001 39.89947460464737
1.791e+29 1300 0.001 70.69477004206382
1.791e+29 1400 0.001 111.97633656743955
1.791e+29 1500 0.001 163.98292330126964
1.791e+29 1600 0.001 228.9123948261479
1.791e+29 1700 0.001 308.3041967899589
1.791e+29 1800 0.001 405.66710572555394
1.791e+29 1900 0.001 524.991269154087
1.791e+29 2000 0.001 673.0475607708207
2.0895000000000002e+29 300 0.001 43.0467216687061
2.0895000000000002e+29 400 0.001 38.988101833183904
2.0895000000000002e+29 500 0.001 32.6483653503464
2.0895000000000002e+29 600 0.001 24.456439418996037
2.0895000000000002e+29 700 0.001 15.74349042033489
2.0895000000000002e+29 800 0.001 8.201274625416875
2.0895000000000002e+29 900 0.001 3.4206934094204167
2.0895000000000002e+29 1000 0.001 2.5655719089410884
2.0895000000000002e+29 1100 0.001 6.377085259450106
2.0895000000000002e+29 1200 0.001 15.20063367661625
2.0895000000000002e+29 1300 0.001 28.60766943884947
2.0895000000000002e+29 1400 0.001 47.27757330827604
2.0895000000000002e+29 1500 0.001 71.07747950039393
2.0895000000000002e+29 1600 0.001 100.06799895177842
2.0895000000000002e+29 1700 0.001 133.88190606548451
2.0895000000000002e+29 1800 0.001 173.85386851439984
2.0895000000000002e+29 1900 0.001 220.61089750254627
2.0895000000000002e+29 2000 0.001 275.4470404557158
2.3880000000000004e+29 300 0.001 43.56305442335257
2.3880000000000004e+29 400 0.001 40.09285276766694
2.3880000000000004e+29 500 0.001 34.630205906104706
2.3880000000000004e+29 600 0.001 27.446502677623833
2.3880000000000004e+29 700 0.001 19.52844078377687
2.3880000000000004e+29 800 0.001 12.146726564742051
2.3880000000000004e+29 900 0.001 6.489998148870615
2.3880000000000004e+29 1000 0.001 3.369350586550481
2.3880000000000004e+29 1100 0.001 3.298623387617704
2.3880000000000004e+29 1200 0.001 6.472835876378636
2.3880000000000004e+29 1300 0.001 12.898280632577553
2.3880000000000004e+29 1400 0.001 22.031353108720683
2.3880000000000004e+29 1500 0.001 33.89008400493389
2.3880000000000004e+29 1600 0.001 48.40380605695241
2.3880000000000004e+29 1700 0.001 65.54049304236118
2.3880000000000004e+29 1800 0.001 85.37235655778531
2.3880000000000004e+29 1900 0.001 107.622830028167
2.3880000000000004e+29 2000 0.001 132.69641266307133
2.6865e+29 300 0.001 43.954560003899275
2.6865e+29 400 0.001 40.93209603818315
2.6865e+29 500 0.001 36.14796899649221
2.6865e+29 600 0.001 29.780449936315193
2.6865e+29 700 0.001 22.599142771651252
2.6865e+29 800 0.001 15.612729671124141
2.6865e+29 900 0.001 9.767510897308158
2.6865e+29 1000 0.001 5.682431218947547
2.6865e+29 1100 0.001 3.762726123161577
2.6865e+29 1200 0.001 4.126250567206161
2.6865e+29 1300 0.001 6.744693883158825
2.6865e+29 1400 0.001 11.446583620229532
2.6865e+29 1500 0.001 17.945578260628366
2.6865e+29 1600 0.001 25.72064470654245
2.6865e+29 1700 0.001 34.997977687531154
2.6865e+29 1800 0.001 45.68544771997823
2.6865e+29 1900 0.001 57.635441584878535
2.6865e+29 2000 0.001 71.03170950072412
2.9850000000000003e+29 300 0.001 44.26084046869488
2.9850000000000003e+29 400 0.001 41.58952222796347
2.9850000000000003e+29 500 0.001 37.34361723835558
2.9850000000000003e+29 600 0.001 31.64270573632057
2.9850000000000003e+29 700 0.001 25.10951884424074
2.9850000000000003e+29 800 0.001 18.57596675320524
2.9850000000000003e+29 900 0.001 12.827651082231004
2.9850000000000003e+29 1000 0.001 8.365734850213842
2.9850000000000003e+29 1100 0.001 5.534036008216429
2.9850000000000003e+29 1200 0.001 4.419423703256374
2.9850000000000003e+29 1300 0.001 4.992256101801682
2.9850000000000003e+29 1400 0.001 7.10368823470168
2.9850000000000003e+29 1500 0.001 10.575419806922243
2.9850000000000003e+29 1600 0.001 15.154366781458418
2.9850000000000003e+29 1700 0.001 20.61627348526313
2.9850000000000003e+29 1800 0.001 26.741026516272026
2.9850000000000003e+29 1900 0.001 33.587771033550126
2.9850000000000003e+29 2000 0.001 41.184023344946695
2.9850000000000005e+28 300 0.005 43.515859903180015
2.9850000000000005e+28 400 0.005 257.597339037305
2.9850000000000005e+28 500 0.005 2919.9615960488327
2.9850000000000005e+28 600 0.005 132240.32530836135
2.9850000000000005e+28 700 0.005 7636456958.000769
2.9850000000000005e+28 800 0.005 27086867547.059704
2.9850000000000005e+28 900 0.005 1581063553.6266
2.9850000000000005e+28 1000 0.005 11313356294.369734
2.9850000000000005e+28 1100 0.005 988097985.7953069
2.9850000000000005e+28 1200 0.005 543250107.1845847
2.9850000000000005e+28 1300 0.005 1940927969.9761052
2.9850000000000005e+28 1400 0.005 36504120.841856055
2.9850000000000005e+28 1500 0.005 6273643.527035135
2.9850000000000005e+28 1600 0.005 1815601.8146652302
2.9850000000000005e+28 1700 0.005 167423.48684575935
2.9850000000000005e+28 1800 0.005 5173.376748166765
2.9850000000000005e+28 1900 0.005 48.38961562745567
2.9850000000000005e+28 2000 0.005 46.290295971595675
5.970000000000001e+28 300 0.005 24.35824834872612
5.970000000000001e+28 400 0.005 12.865533666818692
5.970000000000001e+28 500 0.005 25.320300420597217
5.970000000000001e+28 600 0.005 132.89924417218958
5.970000000000001e+28 700 0.005 508.8202385848793
5.970000000000001e+28 800 0.005 1597.5992636403034
5.970000000000001e+28 900 0.005 4734.846673720041
5.970000000000001e+28 1000 0.005 15279.668907549749
5.970000000000001e+28 1100 0.005 65421.94463219965
5.970000000000001e+28 1200 0.005 615907.315107907
5.970000000000001e+28 1300 0.005 138600003.45429522
5.970000000000001e+28 1400 0.005 31323559222.45836
5.970000000000001e+28 1500 0.005 8231264850.247355
5.970000000000001e+28 1600 0.005 46569792940.94266
5.970000000000001e+28 1700 0.005 16787919453.76445
5.970000000000001e+28 1800 0.005 1661847031.7108967
5.970000000000001e+28 1900 0.005 2629546204.1743307
5.970000000000001e+28 2000 0.005 1083842535.8308003
8.955e+28 300 0.005 30.388020610488823
8.955e+28 400 0.005 18.030825552055468
8.955e+28 500 0.005 6.973266472124553
8.955e+28 600 0.005 10.381308042820406
8.955e+28 700 0.005 48.68014641175398
8.955e+28 800 0.005 153.91429298217625
8.955e+28 900 0.005 369.44799039121705
8.955e+28 1000 0.005 766.9763585947117
8.955e+28 1100 0.005 1466.6431741226704
8.955e+28 1200 0.005 2716.566782447293
8.955e+28 1300 0.005 5038.295199586259
8.955e+28 1400 0.005 9705.649229685745
8.955e+28 1500 0.005 20143.13527045316
8.955e+28 1600 0.005 47890.32896158819
8.955e+28 1700 0.005 144876.09464259326
8.955e+28 1800 0.005 711982.4793483968
8.955e+28 1900 0.005 11852131.829592858
8.955e+28 2000 0.005 178122939816.2199
1.1940000000000002e+29 300 0.005 34.27294118511879
1.1940000000000002e+29 400 0.005 24.186794498292304
1.1940000000000002e+29 500 0.005 12.385367601593888
1.1940000000000002e+29 600 0.005 4.000537483619087
1.1940000000000002e+29 700 0.005 6.865183001726856
1.1940000000000002e+29 800 0.005 28.923783777530236
1.1940000000000002e+29 900 0.005 79.72104288380159
1.1940000000000002e+29 1000 0.005 167.73436612614327
1.1940000000000002e+29 1100 0.005 303.452128003411
1.1940000000000002e+29 1200 0.005 501.95304445719853
1.1940000000000002e+29 1300 0.005 786.348136404698
1.1940000000000002e+29 1400 0.005 1197.6035124547552
1.1940000000000002e+29 1500 0.005 1800.02666720166
1.1940000000000002e+29 1600 0.005 2708.7781987912263
1.1940000000000002e+29 1700 0.005 4124.841037621482
1.1940000000000002e+29 1800 0.005 6426.950518826476
1.1940000000000002e+29 1900 0.005 10355.354427772036
1.1940000000000002e+29 2000 0.005 17571.40442892479
1.4925000000000001e+29 300 0.005 36.76347657297309
1.4925000000000001e+29 400 0.005 28.497552087580203
1.4925000000000001e+29 500 0.005 18.007282803192773
1.4925000000000001e+29 600 0.005 8.00973941544191
1.4925000000000001e+29 700 0.005 2.6188006688160086
1.4925000000000001e+29 800 0.005 6.14405607680243
1.4925000000000001e+29 900 0.005 21.376773105606397
1.4925000000000001e+29 1000 0.005 51.10248166973647
1.4925000000000001e+29 1100 0.005 97.06483763139809
1.4925000000000001e+29 1200 0.005 160.08653543427266
1.4925000000000001e+29 1300 0.005 243.56526401160136
1.4925000000000001e+29 1400 0.005 351.35145806538054
1.4925000000000001e+29 1500 0.005 490.43390614975897
1.4925000000000001e+29 1600 0.005 671.1374874024381
1.4925000000000001e+29 1700 0.005 909.9478522846204
1.4925000000000001e+29 1800 0.005 1229.966458828825
1.4925000000000001e+29 1900 0.005 1663.3248409475307
1.4925000000000001e+29 2000 0.005 2263.783749184211
1.791e+29 300 0.005 38.46309405031473
1.791e+29 400 0.005 31.534099823230644
1.791e+29 500 0.005 22.395102038755
1.791e+29 600 0.005 12.740799614035794
1.791e+29 700 0.005 5.198698697881958
1.791e+29 800 0.005 2.4274283340867844
1.791e+29 900 0.005 6.347351780590979
1.791e+29 1000 0.005 17.678237924558257
1.791e+29 1100 0.005 36.40638981270491
1.791e+29 1200 0.005 62.916919757534316
1.791e+29 1300 0.005 97.16142177833956
1.791e+29 1400 0.005 138.9007519521392
1.791e+29 1500 0.005 189.55423918263932
1.791e+29 1600 0.005 251.28035891685522
1.791e+29 1700 0.005 326.50892533375196
1.791e+29 1800 0.005 419.6134153502742
1.791e+29 1900 0.005 535.0022793526705
1.791e+29 2000 0.005 679.8603906234298
2.0895000000000002e+29 300 0.005 39.68681914018255
2.0895000000000002e+29 400 0.005 33.754557354708155
2.0895000000000002e+29 500 0.005 25.75263818251322
2.0895000000000002e+29 600 0.005 16.848831808917467
2.0895000000000002e+29 700 0.005 8.91905893464417
2.0895000000000002e+29 800 0.005 3.852706025977933
2.0895000000000002e+29 900 0.005 2.9708317970169076
2.0895000000000002e+29 1000 0.005 6.864976757839873
2.0895000000000002e+29 1100 0.005 15.355079027110417
2.0895000000000002e+29 1200 0.005 27.65096443361877
2.0895000000000002e+29 1300 0.005 43.81403879439713
2.0895000000000002e+29 1400 0.005 63.550588116893664
2.0895000000000002e+29 1500 0.005 86.8896509917249
2.0895000000000002e+29 1600 0.005 114.02048227552358
2.0895000000000002e+29 1700 0.005 145.4976728964585
2.0895000000000002e+29 1800 0.005 182.8997308852071
2.0895000000000002e+29 1900 0.005 227.22658690377315
2.0895000000000002e+29 2000 0.005 280.0072527017209
2.3880000000000004e+29 300 0.005 40.60571664655252
2.3880000000000004e+29 400 0.005 35.43690401565991
2.3880000000000004e+29 500 0.005 28.361211717094573
2.3880000000000004e+29 600 0.005 20.238437485761075
2.3880000000000004e+29 700 0.005 12.504735861054595
2.3880000000000004e+29 800 0.005 6.619815584306727
2.3880000000000004e+29 900 0.005 3.6026589887008624
2.3880000000000004e+29 1000 0.005 3.865722452303597
2.3880000000000004e+29 1100 0.005 7.306262794682669
2.3880000000000004e+29 1200 0.005 13.545600871530395
2.3880000000000004e+29 1300 0.005 21.928074081499023
2.3880000000000004e+29 1400 0.005 32.081823415393025
2.3880000000000004e+29 1500 0.005 44.01499249527515
2.3880000000000004e+29 1600 0.005 57.67070380202661
2.3880000000000004e+29 1700 0.005 73.41511726151236
2.3880000000000004e+29 1800 0.005 91.6165449736999
2.3880000000000004e+29 1900 0.005 112.23815083852655
2.3880000000000004e+29 2000 0.005 135.95143469937344
2.6865e+29 300 0.005 41.31890835793435
2.6865e+29 400 0.005 36.75018702626228
2.6865e+29 500 0.005 30.429995441106538
2.6865e+29 600 0.005 23.02177203672067
2.6865e+29 700 0.005 15.677884300967053
2.6865e+29 800 0.005 9.58724489706802
2.6865e+29 900 0.005 5.589569276874742
2.6865e+29 1000 0.005 4.015543039922358
2.6865e+29 1100 0.005 4.806968127385459
2.6865e+29 1200 0.005 7.641621574449965
2.6865e+29 1300 0.005 12.167168131904297
2.6865e+29 1400 0.005 17.956840079269075
2.6865e+29 1500 0.005 24.549700206813117
2.6865e+29 1600 0.005 31.976911873792535
2.6865e+29 1700 0.005 40.457014893639425
2.6865e+29 1800 0.005 50.11387150042214
2.6865e+29 1900 0.005 60.99760013299389
2.6865e+29 2000 0.005 73.44622825157069
2.9850000000000003e+29 300 0.005 41.88728347900117
2.9850000000000003e+29 400 0.005 37.80099839690873
2.9850000000000003e+29 500 0.005 32.103356146923005
2.9850000000000003e+29 600 0.005 25.324386540581887
2.9850000000000003e+29 700 0.005 18.420161178657104
2.9850000000000003e+29 800 0.005 12.393992351107926
2.9850000000000003e+29 900 0.005 7.9663095254242435
2.9850000000000003e+29 1000 0.005 5.423874029794707
2.9850000000000003e+29 1100 0.005 4.750899318411914
2.9850000000000003e+29 1200 0.005 5.685288883310818
2.9850000000000003e+29 1300 0.005 7.92798944938246
2.9850000000000003e+29 1400 0.005 11.112414153365851
2.9850000000000003e+29 1500 0.005 15.052758089293073
2.9850000000000003e+29 1600 0.005 19.5398341882992
2.9850000000000003e+29 1700 0.005 24.45409169152235
2.9850000000000003e+29 1800 0.005 29.937388235835257
2.9850000000000003e+29 1900 0.005 36.06928476924257
2.9850000000000003e+29 2000 0.005 43.003166400019474
2.9850000000000005e+28 300 0.0025 31.40219679455347
2.9850000000000005e+28 400 0.0025 197.88319892620922
2.9850000000000005e+28 500 0.0025 2655.554729225585
2.9850000000000005e+28 600 0.0025 130204.66223992097
2.9850000000000005e+28 700 0.0025 7635890247.308599
2.9850000000000005e+28 800 0.0025 27085631580.251972
2.9850000000000005e+28 900 0.0025 1580760640.2074544
2.9850000000000005e+28 1000 0.0025 11312542122.997425
2.9850000000000005e+28 1100 0.0025 987895916.1458104
2.9850000000000005e+28 1200 0.0025 543137393.309205
2.9850000000000005e+28 1300 0.0025 1940825419.813426
2.9850000000000005e+28 1400 0.0025 36494032.59630759
2.9850000000000005e+28 1500 0.0025 6273375.215876686
2.9850000000000005e+28 1600 0.0025 1815430.6157926228
2.9850000000000005e+28 1700 0.0025 167404.42448665298
2.9850000000000005e+28 1800 0.0025 5173.181309697329
2.9850000000000005e+28 1900 0.0025 48.38951818884517
2.9850000000000005e+28 2000 0.0025 46.29029606263527
5.970000000000001e+28 300 0.0025 26.853943783583272
5.970000000000001e+28 400 0.0025 13.033683996276848
5.970000000000001e+28 500 0.0025 16.48252647911682
5.970000000000001e+28 600 0.0025 101.70457310230623
5.970000000000001e+28 700 0.0025 435.7965313047494
5.970000000000001e+28 800 0.0025 1458.9886093917867
5.970000000000001e+28 900 0.0025 4497.7378315835795
5.970000000000001e+28 1000 0.0025 14894.317922947452
5.970000000000001e+28 1100 0.0025 64772.92194103372
5.970000000000001e+28 1200 0.0025 614473.0494694761
5.970000000000001e+28 1300 0.0025 138585317.7172199
5.970000000000001e+28 1400 0.0025 31323370501.608337
5.970000000000001e+28 1500 0.0025 8231203490.589223
5.970000000000001e+28 1600 0.0025 46569698439.98055
5.970000000000001e+28 1700 0.0025 16787891425.253517
5.970000000000001e+28 1800 0.0025 1661843623.087966
5.970000000000001e+28 1900 0.0025 2629544689.840092
5.970000000000001e+28 2000 0.0025 1083842297.9931233
8.955e+28 300 0.0025 33.221522799403964
8.955e+28 400 0.0025 21.321761605314478
8.955e+28 500 0.0025 8.44562546879644
8.955e+28 600 0.0025 6.08890220659649
8.955e+28 700 0.0025 34.47428505480138
8.955e+28 800 0.0025 125.14042217691318
8.955e+28 900 0.0025 322.8648482537637
8.955e+28 1000 0.0025 701.874678510415
8.955e+28 1100 0.0025 1386.1961833339024
8.955e+28 1200 0.0025 2626.053127843381
8.955e+28 1300 0.0025 4945.037463900534
8.955e+28 1400 0.0025 9616.908530604456
8.955e+28 1500 0.0025 20064.47863872646
8.955e+28 1600 0.0025 47823.8284252494
8.955e+28 1700 0.0025 144819.02867478546
8.955e+28 1800 0.0025 711928.7553626273
8.955e+28 1900 0.0025 11852048.704801513
8.955e+28 2000 0.0025 178122934631.45776
1.1940000000000002e+29 300 0.0025 36.73879550514533
1.1940000000000002e+29 400 0.0025 27.548233465535596
1.1940000000000002e+29 500 0.0025 15.617746271906428
1.1940000000000002e+29 600 0.0025 5.202729671792413
1.1940000000000002e+29 700 0.0025 3.7508373965596333
1.1940000000000002e+29 800 0.0025 19.989618294187135
1.1940000000000002e+29 900 0.0025 63.08256929043037
1.1940000000000002e+29 1000 0.0025 143.94042667883744
1.1940000000000002e+29 1100 0.0025 273.91192386721985
1.1940000000000002e+29 1200 0.0025 469.0285244625233
1.1940000000000002e+29 1300 0.0025 753.6053065020867
1.1940000000000002e+29 1400 0.0025 1168.134480037007
1.1940000000000002e+29 1500 0.0025 1776.001308556609
1.1940000000000002e+29 1600 0.0025 2690.9319380288134
1.1940000000000002e+29 1700 0.0025 4112.621800572141
1.1940000000000002e+29 1800 0.0025 6419.437654575816
1.1940000000000002e+29 1900 0.0025 10351.145638917871
1.1940000000000002e+29 2000 0.0025 17569.23559982305
1.4925000000000001e+29 300 0.0025 38.87169100763444
1.4925000000000001e+29 400 0.0025 31.543627098021368
1.4925000000000001e+29 500 0.0025 21.439995071143713
1.4925000000000001e+29 600 0.0025 10.71477325093141
1.4925000000000001e+29 700 0.0025 3.226718076707629
1.4925000000000001e+29 800 0.0025 3.375293418025867
1.4925000000000001e+29 900 0.0025 14.903134492551084
1.4925000000000001e+29 1000 0.0025 40.361995680318515
1.4925000000000001e+29 1100 0.0025 82.8697298084002
1.4925000000000001e+29 1200 0.0025 144.18566852872385
1.4925000000000001e+29 1300 0.0025 227.38293619910675
1.4925000000000001e+29 1400 0.0025 336.7373628995414
1.4925000000000001e+29 1500 0.0025 478.37920497244306
1.4925000000000001e+29 1600 0.0025 662.1980265292281
1.4925000000000001e+29 1700 0.0025 903.8445343559796
1.4925000000000001e+29 1800 0.0025 1226.2199202854001
1.4925000000000001e+29 1900 0.0025 1661.2447651030864
1.4925000000000001e+29 2000 0.0025 2262.728484360889
1.791e+29 300 0.0025 40.283675160778195
1.791e+29 400 0.0025 34.24439449690194
1.791e+29 500 0.0025 25.669031836394954
1.791e+29 600 0.0025 15.845156482535742
1.791e+29 700 0.0025 7.202986477725205
1.791e+29 800 0.0025 2.4390030259400963
1.791e+29 900 0.0025 3.773678377687344
1.791e+29 1000 0.0025 12.727422521092064
1.791e+29 1100 0.0025 29.124310762383242
1.791e+29 1200 0.0025 54.1555979812422
1.791e+29 1300 0.0025 87.9736845859088
1.791e+29 1400 0.0025 130.4614871883922
1.791e+29 1500 0.0025 182.45097490892306
1.791e+29 1600 0.0025 245.8928102749049
1.791e+29 1700 0.0025 322.7768280165611
1.791e+29 1800 0.0025 417.2693158064528
1.791e+29 1900 0.0025 533.6737714807525
1.791e+29 2000 0.0025 679.1682067933034
2.0895000000000002e+29 300 0.0025 41.28048499024847
2.0895000000000002e+29 400 0.0025 36.17061617760859
2.0895000000000002e+29 500 0.0025 28.78767783371533
2.0895000000000002e+29 600 0.0025 19.983779851189595
2.0895000000000002e+29 700 0.0025 11.47126075687515
2.0895000000000002e+29 800 0.0025 5.147201403120455
2.0895000000000002e+29 900 0.0025 2.527989536750785
2.0895000000000002e+29 1000 0.0025 4.514331650968761
2.0895000000000002e+29 1100 0.0025 11.389697801615682
2.0895000000000002e+29 1200 0.0025 22.673141055711255
2.0895000000000002e+29 1300 0.0025 38.316066928359994
2.0895000000000002e+29 1400 0.0025 58.25516844120886
2.0895000000000002e+29 1500 0.0025 82.32245503265459
2.0895000000000002e+29 1600 0.0025 110.51272012029803
2.0895000000000002e+29 1700 0.0025 142.9983501991421
2.0895000000000002e+29 1800 0.0025 181.29063874006278
2.0895000000000002e+29 1900 0.0025 226.28860777733465
2.0895000000000002e+29 2000 0.0025 279.50552289766637
2.3880000000000004e+29 300 0.0025 42.01856304216191
2.3880000000000004e+29 400 0.0025 37.60528505492191
2.3880000000000004e+29 500 0.0025 31.154840623746924
2.3880000000000004e+29 600 0.0025 23.27085526207593
2.3880000000000004e+29 700 0.0025 15.24869789760173
2.3880000000000004e+29 800 0.0025 8.538101164047536
2.3880000000000004e+29 900 0.0025 4.290929392623182
2.3880000000000004e+29 1000 0.0025 3.1391825631538914
2.3880000000000004e+29 1100 0.0025 5.272618619500795
2.3880000000000004e+29 1200 0.0025 10.545758553342006
2.3880000000000004e+29 1300 0.0025 18.55839373785507
2.3880000000000004e+29 1400 0.0025 28.680377095263523
2.3880000000000004e+29 1500 0.0025 40.97777892892566
2.3880000000000004e+29 1600 0.0025 55.24801813921946
2.3880000000000004e+29 1700 0.0025 71.64987228599867
2.3880000000000004e+29 1800 0.0025 90.45216782606929
2.3880000000000004e+29 1900 0.0025 111.54545317080911
2.3880000000000004e+29 2000 0.0025 135.56909676869643
2.6865e+29 300 0.0025 42.58535387476128
2.6865e+29 400 0.0025 38.71118168589958
2.6865e+29 500 0.0025 33.00170890846964
2.6865e+29 600 0.0025 25.905722848624926
2.6865e+29 700 0.0025 18.45160189536113
2.6865e+29 800 0.0025 11.807750501193283
2.6865e+29 900 0.0025 6.907155922517433
2.6865e+29 1000 0.0025 4.242537968396576
2.6865e+29 1100 0.0025 3.9795388505596025
2.6865e+29 1200 0.0025 5.981033957059883
2.6865e+29 1300 0.0025 10.000194265517948
2.6865e+29 1400 0.0025 15.664557115505673
2.6865e+29 1500 0.0025 22.489494737843955
2.6865e+29 1600 0.0025 30.278018149453366
2.6865e+29 1700 0.0025 39.18437968937245
2.6865e+29 1800 0.0025 49.251480156190425
2.6865e+29 1900 0.0025 60.468445878041514
2.6865e+29 2000 0.0025 73.14650268923712
2.9850000000000003e+29 300 0.0025 43.03326859601552
2.9850000000000003e+29 400 0.0025 39.587435831851835
2.9850000000000003e+29 500 0.0025 34.477350051884855
2.9850000000000003e+29 600 0.0025 28.0488914002503
2.9850000000000003e+29 700 0.0025 21.14719088867146
2.9850000000000003e+29 800 0.0025 14.748729317799329
2.9850000000000003e+29 900 0.0025 9.640836211270873
2.9850000000000003e+29 1000 0.0025 6.2334278173513935
2.9850000000000003e+29 1100 0.0025 4.687263593890672
2.9850000000000003e+29 1200 0.0025 4.891584679557209
2.9850000000000003e+29 1300 0.0025 6.63995610603485
2.9850000000000003e+29 1400 0.0025 9.621089476785789
2.9850000000000003e+29 1500 0.0025 13.60183259857089
2.9850000000000003e+29 1600 0.0025 18.307336050788212
2.9850000000000003e+29 1700 0.0025 23.52439614745302
2.9850000000000003e+29 1800 0.0025 29.28912430535795
2.9850000000000003e+29 1900 0.0025 35.660876965248896
2.9850000000000003e+29 2000 0.0025 42.765665998225266
2.9850000000000005e+28 300 0.0075 54.27785404399612
2.9850000000000005e+28 400 0.0075 300.96996445977646
2.9850000000000005e+28 500 0.0075 3088.190854257366
2.9850000000000005e+28 600 0.0075 133384.72564782196
2.9850000000000005e+28 700 0.0075 7636755839.191455
2.9850000000000005e+28 800 0.0075 27087481708.218193
2.9850000000000005e+28 900 0.0075 1581202960.0958438
2.9850000000000005e+28 1000 0.0075 11313707300.881134
2.9850000000000005e+28 1100 0.0075 988177129.4468758
2.9850000000000005e+28 1200 0.0075 543290112.593659
2.9850000000000005e+28 1300 0.0075 1940963728.2680724
2.9850000000000005e+28 1400 0.0075 36506873.69544782
2.9850000000000005e+28 1500 0.0075 6273726.457748461
2.9850000000000005e+28 1600 0.0075 1815636.8188580454
2.9850000000000005e+28 1700 0.0075 167426.03426300772
2.9850000000000005e+28 1800 0.0075 5173.3931296023475
2.9850000000000005e+28 1900 0.0075 48.38961981028544
2.9850000000000005e+28 2000 0.0075 46.290295969922184
5.970000000000001e+28 300 0.0075 23.20876637638981
5.970000000000001e+28 400 0.0075 14.081748331799655
5.970000000000001e+28 500 0.0075 33.30287410091459
5.970000000000001e+28 600 0.0075 155.39955632830672
5.970000000000001e+28 700 0.0075 554.8953807819504
5.970000000000001e+28 800 0.0075 1678.3666630049133
5.970000000000001e+28 900 0.0075 4861.039944813554
5.970000000000001e+28 1000 0.0075 15466.541088878355
5.970000000000001e+28 1100 0.0075 65706.14146642297
5.970000000000001e+28 1200 0.0075 616464.9480942123
5.970000000000001e+28 1300 0.0075 138604991.17016092
5.970000000000001e+28 1400 0.0075 31323615374.261353
5.970000000000001e+28 1500 0.0075 8231280090.0948
5.970000000000001e+28 1600 0.0075 46569812231.901924
5.970000000000001e+28 1700 0.0075 16787923871.680866
5.970000000000001e+28 1800 0.0075 1661847413.4986515
5.970000000000001e+28 1900 0.0075 2629546317.430912
5.970000000000001e+28 2000 0.0075 1083842546.490539
8.955e+28 300 0.0075 28.589265541946556
8.955e+28 400 0.0075 16.253510224902403
8.955e+28 500 0.0075 6.973114184837169
8.955e+28 600 0.0075 14.084826003003545
8.955e+28 700 0.0075 59.15342490397548
8.955e+28 800 0.0075 172.5571747970832
8.955e+28 900 0.0075 396.79707417125763
8.955e+28 1000 0.0075 801.8320413564038
8.955e+28 1100 0.0075 1505.7561008149582
8.955e+28 1200 0.0075 2756.0521536482706
8.955e+28 1300 0.0075 5074.064196285874
8.955e+28 1400 0.0075 9735.046858297259
8.955e+28 1500 0.0075 20164.93262655399
8.955e+28 1600 0.0075 47905.32751485309
8.955e+28 1700 0.0075 144886.20260574046
8.955e+28 1800 0.0075 711989.5612391969
8.955e+28 1900 0.0075 11852139.522180956
8.955e+28 2000 0.0075 178122940127.0819
1.1940000000000002e+29 300 0.0075 32.600293815310366
1.1940000000000002e+29 400 0.0075 22.072035240660234
1.1940000000000002e+29 500 0.0075 10.707997462158476
1.1940000000000002e+29 600 0.0075 4.035446377831232
1.1940000000000002e+29 700 0.0075 9.671584190799559
1.1940000000000002e+29 800 0.0075 35.393270061780974
1.1940000000000002e+29 900 0.0075 90.21517183964926
1.1940000000000002e+29 1000 0.0075 181.33468349810363
1.1940000000000002e+29 1100 0.0075 318.7377375150661
1.1940000000000002e+29 1200 0.0075 517.2814399482406
1.1940000000000002e+29 1300 0.0075 799.8124467986331
1.1940000000000002e+29 1400 0.0075 1208.1406666724702
1.1940000000000002e+29 1500 0.0075 1807.2767479871027
1.1940000000000002e+29 1600 0.0075 2713.2107170411655
1.1940000000000002e+29 1700 0.0075 4127.2688640080505
1.1940000000000002e+29 1800 0.0075 6428.08628519538
1.1940000000000002e+29 1900 0.0075 10355.815584312813
1.1940000000000002e+29 2000 0.0075 17571.564623140926
1.4925000000000001e+29 300 0.0075 35.288415708085964
1.4925000000000001e+29 400 0.0075 26.476490184227266
1.4925000000000001e+29 500 0.0075 15.96586598612667
1.4925000000000001e+29 600 0.0075 6.744565351337639
1.4925000000000001e+29 700 0.0075 2.9214824417896157
1.4925000000000001e+29 800 0.0075 8.608853748413521
1.4925000000000001e+29 900 0.0075 25.875128810266386
1.4925000000000001e+29 1000 0.0075 57.62811260314674
1.4925000000000001e+29 1100 0.0075 104.68244414725403
1.4925000000000001e+29 1200 0.0075 167.86679987897844
1.4925000000000001e+29 1300 0.0075 250.5654488506148
1.4925000000000001e+29 1400 0.0075 356.8703873382215
1.4925000000000001e+29 1500 0.0075 494.29429871551326
1.4925000000000001e+29 1600 0.0075 673.5120499164004
1.4925000000000001e+29 1700 0.0075 911.2606903238328
1.4925000000000001e+29 1800 0.0075 1230.5887258672706
1.4925000000000001e+29 1900 0.0075 1663.5804124101817
1.4925000000000001e+29 2000 0.0075 2263.8740036210447
1.791e+29 300 0.0075 37.16541484941474
1.791e+29 400 0.0075 29.683977135152105
1.791e+29 500 0.0075 20.3398525886148
1.791e+29 600 0.0075 11.034536667628512
1.791e+29 700 0.0075 4.404781866283446
1.791e+29 800 0.0075 2.9887889007981725
1.791e+29 900 0.0075 8.43296775650048
1.791e+29 1000 0.0075 20.928302806614653
1.791e+29 1100 0.0075 40.59215142923988
1.791e+29 1200 0.0075 67.3974501185353
1.791e+29 1300 0.0075 101.30772823165768
1.791e+29 1400 0.0075 142.23153841624236
1.791e+29 1500 0.0075 191.9397196197953
1.791e+29 1600 0.0075 252.78767366941565
1.791e+29 1700 0.0075 327.36219216799776
1.791e+29 1800 0.0075 420.03158940780435
1.791e+29 1900 0.0075 535.1802197386548
1.791e+29 2000 0.0075 679.9263639911804
2.0895000000000002e+29 300 0.0075 38.53647309285675
2.0895000000000002e+29 400 0.0075 32.07511132360382
2.0895000000000002e+29 500 0.0075 23.788839456072427
2.0895000000000002e+29 600 0.0075 15.012898901274125
2.0895000000000002e+29 700 0.0075 7.640881870916064
2.0895000000000002e+29 800 0.0075 3.4853229999859416
2.0895000000000002e+29 900 0.0075 3.682898492258307
2.0895000000000002e+29 1000 0.0075 8.598520509214591
2.0895000000000002e+29 1100 0.0075 17.67798252604101
2.0895000000000002e+29 1200 0.0075 30.32038572968773
2.0895000000000002e+29 1300 0.0075 46.39848085543007
2.0895000000000002e+29 1400 0.0075 65.72212845123309
2.0895000000000002e+29 1500 0.0075 88.48578779443714
2.0895000000000002e+29 1600 0.0075 115.04666546628528
2.0895000000000002e+29 1700 0.0075 146.09835032633106
2.0895000000000002e+29 1800 0.0075 183.2039653280593
2.0895000000000002e+29 1900 0.0075 227.36116742392304
2.0895000000000002e+29 2000 0.0075 280.05932676106113
2.3880000000000004e+29 300 0.0075 39.57642477197005
2.3880000000000004e+29 400 0.0075 33.91025623467295
2.3880000000000004e+29 500 0.0075 26.51752511520079
2.3880000000000004e+29 600 0.0075 18.398801383272097
2.3880000000000004e+29 700 0.0075 11.012607837970625
2.3880000000000004e+29 800 0.0075 5.768267548273171
2.3880000000000004e+29 900 0.0075 3.554617472778651
2.3880000000000004e+29 1000 0.0075 4.617988214053066
2.3880000000000004e+29 1100 0.0075 8.674150925921221
2.3880000000000004e+29 1200 0.0075 15.239773200699307
2.3880000000000004e+29 1300 0.0075 23.582547746033942
2.3880000000000004e+29 1400 0.0075 33.53119549844994
2.3880000000000004e+29 1500 0.0075 45.11717066839418
2.3880000000000004e+29 1600 0.0075 58.40658794077984
2.3880000000000004e+29 1700 0.0075 73.85763816698821
2.3880000000000004e+29 1800 0.0075 91.84764126908722
2.3880000000000004e+29 1900 0.0075 112.34347333141604
2.3880000000000004e+29 2000 0.0075 135.99399317003284
2.6865e+29 300 0.0075 40.38966766987289
2.6865e+29 400 0.0075 35.35625844783253
2.6865e+29 500 0.0075 28.708590017452536
2.6865e+29 600 0.0075 21.2315029703543
2.6865e+29 700 0.0075 14.102215173964801
2.6865e+29 800 0.0075 8.476236348477084
2.6865e+29 900 0.0075 5.098143386515032
2.6865e+29 1000 0.0075 4.172264889819446
2.6865e+29 1100 0.0075 5.495976643147653
2.6865e+29 1200 0.0075 8.657762928643871
2.6865e+29 1300 0.0075 13.280545093519105
2.6865e+29 1400 0.0075 18.969495689844358
2.6865e+29 1500 0.0075 25.325560187845316
2.6865e+29 1600 0.0075 32.51210788580529
2.6865e+29 1700 0.0075 40.78870910734098
2.6865e+29 1800 0.0075 50.292632256467265
2.6865e+29 1900 0.0075 61.082109286231685
2.6865e+29 2000 0.0075 73.48162252606892
2.9850000000000003e+29 300 0.0075 41.04160538628478
2.9850000000000003e+29 400 0.0075 36.521566677134324
2.9850000000000003e+29 500 0.0075 30.497144568386663
2.9850000000000003e+29 600 0.0075 23.605051824794316
2.9850000000000003e+29 700 0.0075 16.827381337369257
2.9850000000000003e+29 800 0.0075 11.145419396489242
2.9850000000000003e+29 900 0.0075 7.208176913819063
2.9850000000000003e+29 1000 0.0075 5.203576999309868
2.9850000000000003e+29 1100 0.0075 4.997802663386085
2.9850000000000003e+29 1200 0.0075 6.251128528661419
2.9850000000000003e+29 1300 0.0075 8.636574827483212
2.9850000000000003e+29 1400 0.0075 11.801911440053486
2.9850000000000003e+29 1500 0.0075 15.617803206286743
2.9850000000000003e+29 1600 0.0075 19.940602561840382
2.9850000000000003e+29 1700 0.0075 24.705418124638555
2.9850000000000003e+29 1800 0.0075 30.0771704347027
2.9850000000000003e+29 1900 0.0075 36.137463587100626
2.9850000000000003e+29 2000 0.0075 43.03269917003078
