# mass(g) temperature(K) clouds reduced_chi_squared
5.970000000000001e+28 300 None 36.00698481930875
5.970000000000001e+28 400 None 76.30662698191863
5.970000000000001e+28 500 None 167.11264669122374
5.970000000000001e+28 600 None 388.17832335731026
5.970000000000001e+28 700 None 917.8374130461409
5.970000000000001e+28 800 None 50
5.970000000000001e+28 900 None 50
5.970000000000001e+28 1000 None 50
5.970000000000001e+28 1100 None 50
5.970000000000001e+28 1200 None 50
5.970000000000001e+28 1300 None 50
5.970000000000001e+28 1400 None 50
5.970000000000001e+28 1500 None 50
5.970000000000001e+28 1600 None 50
5.970000000000001e+28 1700 None 50
5.970000000000001e+28 1800 None 50
5.970000000000001e+28 1900 None 50
5.970000000000001e+28 2000 None 50
1.1940000000000002e+29 300 None 8.256096578692615
1.1940000000000002e+29 400 None 11.292607138357223
1.1940000000000002e+29 500 None 18.75120265480983
1.1940000000000002e+29 600 None 35.81744595457524
1.1940000000000002e+29 700 None 68.21224779675984
1.1940000000000002e+29 800 None 50
1.1940000000000002e+29 900 None 50
1.1940000000000002e+29 1000 None 50
1.1940000000000002e+29 1100 None 50
1.1940000000000002e+29 1200 None 50
1.1940000000000002e+29 1300 None 50
1.1940000000000002e+29 1400 None 50
1.1940000000000002e+29 1500 None 50
1.1940000000000002e+29 1600 None 50
1.1940000000000002e+29 1700 None 50
1.1940000000000002e+29 1800 None 50
1.1940000000000002e+29 1900 None 50
1.1940000000000002e+29 2000 None 50
1.791e+29 300 None 6.0765321344115755
1.791e+29 400 None 5.373259021342907
1.791e+29 500 None 6.0648338470100835
1.791e+29 600 None 9.303719278659157
1.791e+29 700 None 16.37934949947796
1.791e+29 800 None 28.6859230807451
1.791e+29 900 None 46.345462978088335
1.791e+29 1000 None 70.0748919826113
1.791e+29 1100 None 50
1.791e+29 1200 None 50
1.791e+29 1300 None 50
1.791e+29 1400 None 50
1.791e+29 1500 None 50
1.791e+29 1600 None 50
1.791e+29 1700 None 50
1.791e+29 1800 None 50
1.791e+29 1900 None 50
1.791e+29 2000 None 50
2.3880000000000004e+29 300 None 6.344405971772395
2.3880000000000004e+29 400 None 4.790106582432632
2.3880000000000004e+29 500 None 3.832966635728454
2.3880000000000004e+29 600 None 3.997119654695238
2.3880000000000004e+29 700 None 5.940964802159912
2.3880000000000004e+29 800 None 10.138736146423222
2.3880000000000004e+29 900 None 16.212133533581902
2.3880000000000004e+29 1000 None 24.46807193048273
2.3880000000000004e+29 1100 None 34.41671809676588
2.3880000000000004e+29 1200 None 45.80873073241531
2.3880000000000004e+29 1300 None 58.6133484631534
2.3880000000000004e+29 1400 None 50
2.3880000000000004e+29 1500 None 50
2.3880000000000004e+29 1600 None 50
2.3880000000000004e+29 1700 None 50
2.3880000000000004e+29 1800 None 50
2.3880000000000004e+29 1900 None 50
2.3880000000000004e+29 2000 None 50
2.9850000000000003e+29 300 None 6.93258971364845
2.9850000000000003e+29 400 None 5.216537147052568
2.9850000000000003e+29 500 None 3.8080470866872402
2.9850000000000003e+29 600 None 2.9544989332246785
2.9850000000000003e+29 700 None 3.053898484298248
2.9850000000000003e+29 800 None 4.402325001342591
2.9850000000000003e+29 900 None 6.929315346411599
2.9850000000000003e+29 1000 None 10.633716989064922
2.9850000000000003e+29 1100 None 15.137147212231456
2.9850000000000003e+29 1200 None 20.052084773319354
2.9850000000000003e+29 1300 None 25.410905038921623
2.9850000000000003e+29 1400 None 31.21367701804933
2.9850000000000003e+29 1500 None 37.4800710226818
2.9850000000000003e+29 1600 None 44.270490637950374
2.9850000000000003e+29 1700 None 51.68993952550854
2.9850000000000003e+29 1800 None 50
2.9850000000000003e+29 1900 None 50
2.9850000000000003e+29 2000 None 50
3.582e+29 300 None 7.501885838298568
3.582e+29 400 None 5.8158459201203305
3.582e+29 500 None 4.306013360236976
3.582e+29 600 None 3.0966544529155815
3.582e+29 700 None 2.4655766859203645
3.582e+29 800 None 2.634814062951072
3.582e+29 900 None 3.5807026841150362
3.582e+29 1000 None 5.2779588597587335
3.582e+29 1100 None 7.477552811404395
3.582e+29 1200 None 9.994373390589322
3.582e+29 1300 None 12.77669045329682
3.582e+29 1400 None 15.729809190158187
3.582e+29 1500 None 18.841439023992628
3.582e+29 1600 None 22.000263898210424
3.582e+29 1700 None 25.38310483966322
3.582e+29 1800 None 29.011958725613056
3.582e+29 1900 None 32.89386631236802
3.582e+29 2000 None 37.04137869591714
4.1790000000000005e+29 300 None 7.995155777403981
4.1790000000000005e+29 400 None 6.395959228769998
4.1790000000000005e+29 500 None 4.904616811672902
4.1790000000000005e+29 600 None 3.5824412511084054
4.1790000000000005e+29 700 None 2.640392971804036
4.1790000000000005e+29 800 None 2.2603217884146383
4.1790000000000005e+29 900 None 2.4496164097655635
4.1790000000000005e+29 1000 None 3.178844774206354
4.1790000000000005e+29 1100 None 4.2796533773436485
4.1790000000000005e+29 1200 None 5.605253627177137
4.1790000000000005e+29 1300 None 7.106975063304426
4.1790000000000005e+29 1400 None 8.702414955396232
4.1790000000000005e+29 1500 None 10.39936685079147
4.1790000000000005e+29 1600 None 12.17630643904277
4.1790000000000005e+29 1700 None 14.067732660406174
4.1790000000000005e+29 1800 None 16.085543008267926
4.1790000000000005e+29 1900 None 18.14086653179752
4.1790000000000005e+29 2000 None 20.216914181820382
4.776000000000001e+29 300 None 8.412470178269214
4.776000000000001e+29 400 None 6.913420494325334
4.776000000000001e+29 500 None 5.483194870968138
4.776000000000001e+29 600 None 4.147885468882756
4.776000000000001e+29 700 None 3.076528920749326
4.776000000000001e+29 800 None 2.425138265353895
4.776000000000001e+29 900 None 2.2205711765542344
4.776000000000001e+29 1000 None 2.4343501660100446
4.776000000000001e+29 1100 None 2.950037875119154
4.776000000000001e+29 1200 None 3.649158777483656
4.776000000000001e+29 1300 None 4.487383132758608
4.776000000000001e+29 1400 None 5.394327844602566
4.776000000000001e+29 1500 None 6.370495101326427
4.776000000000001e+29 1600 None 7.392182494304285
4.776000000000001e+29 1700 None 8.479450692985411
4.776000000000001e+29 1800 None 9.638650724053475
4.776000000000001e+29 1900 None 10.845275703744221
4.776000000000001e+29 2000 None 12.112740822086437
5.373e+29 300 None 8.76512432435666
5.373e+29 400 None 7.364397888753386
5.373e+29 500 None 6.008675908619391
5.373e+29 600 None 4.703110627516466
5.373e+29 700 None 3.58819241927323
5.373e+29 800 None 2.8014554377833156
5.373e+29 900 None 2.381808037812214
5.373e+29 1000 None 2.3029578784648863
5.373e+29 1100 None 2.4831946723578953
5.373e+29 1200 None 2.824924785347684
5.373e+29 1300 None 3.28772125199712
5.373e+29 1400 None 3.8111259686819263
5.373e+29 1500 None 4.391300164339062
5.373e+29 1600 None 5.004532579032769
5.373e+29 1700 None 5.662566020578991
5.373e+29 1800 None 6.369307186560459
5.373e+29 1900 None 7.107817795047732
5.373e+29 2000 None 7.880420494679547
5.970000000000001e+28 300 0.001 6.446010953835847
5.970000000000001e+28 400 0.001 5.364575846497419
5.970000000000001e+28 500 0.001 25.493306976199467
5.970000000000001e+28 600 0.001 126.90002992488844
5.970000000000001e+28 700 0.001 471.5226373027634
5.970000000000001e+28 800 0.001 1496.4260568921904
5.970000000000001e+28 900 0.001 50
5.970000000000001e+28 1000 0.001 50
5.970000000000001e+28 1100 0.001 50
5.970000000000001e+28 1200 0.001 50
5.970000000000001e+28 1300 0.001 50
5.970000000000001e+28 1400 0.001 50
5.970000000000001e+28 1500 0.001 50
5.970000000000001e+28 1600 0.001 50
5.970000000000001e+28 1700 0.001 50
5.970000000000001e+28 1800 0.001 50
5.970000000000001e+28 1900 0.001 50
5.970000000000001e+28 2000 0.001 50
1.1940000000000002e+29 300 0.001 9.276824356583813
1.1940000000000002e+29 400 0.001 6.3009928863210005
1.1940000000000002e+29 500 0.001 3.292875658575797
1.1940000000000002e+29 600 0.001 3.7555765943482844
1.1940000000000002e+29 700 0.001 13.87649935450346
1.1940000000000002e+29 800 0.001 41.066780382435205
1.1940000000000002e+29 900 0.001 95.32309772299398
1.1940000000000002e+29 1000 0.001 50
1.1940000000000002e+29 1100 0.001 50
1.1940000000000002e+29 1200 0.001 50
1.1940000000000002e+29 1300 0.001 50
1.1940000000000002e+29 1400 0.001 50
1.1940000000000002e+29 1500 0.001 50
1.1940000000000002e+29 1600 0.001 50
1.1940000000000002e+29 1700 0.001 50
1.1940000000000002e+29 1800 0.001 50
1.1940000000000002e+29 1900 0.001 50
1.1940000000000002e+29 2000 0.001 50
1.791e+29 300 0.001 10.435145858980164
1.791e+29 400 0.001 8.358554133925349
1.791e+29 500 0.001 5.554611221455131
1.791e+29 600 0.001 2.951594295015882
1.791e+29 700 0.001 2.2462449199455183
1.791e+29 800 0.001 5.461154521021028
1.791e+29 900 0.001 14.46436622045856
1.791e+29 1000 0.001 30.234447132252374
1.791e+29 1100 0.001 54.25954289148188
1.791e+29 1200 0.001 50
1.791e+29 1300 0.001 50
1.791e+29 1400 0.001 50
1.791e+29 1500 0.001 50
1.791e+29 1600 0.001 50
1.791e+29 1700 0.001 50
1.791e+29 1800 0.001 50
1.791e+29 1900 0.001 50
1.791e+29 2000 0.001 50
2.3880000000000004e+29 300 0.001 11.006327622517837
2.3880000000000004e+29 400 0.001 9.463936729500439
2.3880000000000004e+29 500 0.001 7.224744025300927
2.3880000000000004e+29 600 0.001 4.669585417718302
2.3880000000000004e+29 700 0.001 2.5829606797479054
2.3880000000000004e+29 800 0.001 1.8922033617013654
2.3880000000000004e+29 900 0.001 3.409282746797292
2.3880000000000004e+29 1000 0.001 7.718011589641722
2.3880000000000004e+29 1100 0.001 15.070274426462689
2.3880000000000004e+29 1200 0.001 25.046017631971658
2.3880000000000004e+29 1300 0.001 38.01150317294393
2.3880000000000004e+29 1400 0.001 53.88165158970315
2.3880000000000004e+29 1500 0.001 50
2.3880000000000004e+29 1600 0.001 50
2.3880000000000004e+29 1700 0.001 50
2.3880000000000004e+29 1800 0.001 50
2.3880000000000004e+29 1900 0.001 50
2.3880000000000004e+29 2000 0.001 50
2.9850000000000003e+29 300 0.001 11.339800924072536
2.9850000000000003e+29 400 0.001 10.128079127623861
2.9850000000000003e+29 500 0.001 8.311061802548455
2.9850000000000003e+29 600 0.001 6.079166829905283
2.9850000000000003e+29 700 0.001 3.889947031788434
2.9850000000000003e+29 800 0.001 2.29889242013962
2.9850000000000003e+29 900 0.001 1.7946516941662285
2.9850000000000003e+29 1000 0.001 2.694508160032895
2.9850000000000003e+29 1100 0.001 5.136140524480443
2.9850000000000003e+29 1200 0.001 9.102621012451683
2.9850000000000003e+29 1300 0.001 14.518553982624848
2.9850000000000003e+29 1400 0.001 20.897750893117742
2.9850000000000003e+29 1500 0.001 28.272768457528368
2.9850000000000003e+29 1600 0.001 36.51758106389631
2.9850000000000003e+29 1700 0.001 45.4636861381807
2.9850000000000003e+29 1800 0.001 55.05606874182386
2.9850000000000003e+29 1900 0.001 50
2.9850000000000003e+29 2000 0.001 50
3.582e+29 300 0.001 11.556256711175225
3.582e+29 400 0.001 10.565384591109142
3.582e+29 500 0.001 9.052088717002746
3.582e+29 600 0.001 7.122162510662261
3.582e+29 700 0.001 5.079044903668504
3.582e+29 800 0.001 3.3051368861991204
3.582e+29 900 0.001 2.1442102912192613
3.582e+29 1000 0.001 1.810462768159168
3.582e+29 1100 0.001 2.411216931574371
3.582e+29 1200 0.001 3.9291176044474305
3.582e+29 1300 0.001 6.31292020422335
3.582e+29 1400 0.001 9.43248276521103
3.582e+29 1500 0.001 13.14259720115373
3.582e+29 1600 0.001 17.213630347523804
3.582e+29 1700 0.001 21.447906125981163
3.582e+29 1800 0.001 25.932558220040264
3.582e+29 1900 0.001 30.59405824368273
3.582e+29 2000 0.001 35.38882322863762
4.1790000000000005e+29 300 0.001 11.707166861058374
4.1790000000000005e+29 400 0.001 10.87292331264348
4.1790000000000005e+29 500 0.001 9.583704610762453
4.1790000000000005e+29 600 0.001 7.901761844529963
4.1790000000000005e+29 700 0.001 6.045204893106972
4.1790000000000005e+29 800 0.001 4.299935990669049
4.1790000000000005e+29 900 0.001 2.929455310715705
4.1790000000000005e+29 1000 0.001 2.0960593736254856
4.1790000000000005e+29 1100 0.001 1.8939200693405287
4.1790000000000005e+29 1200 0.001 2.314442325180056
4.1790000000000005e+29 1300 0.001 3.326599482628509
4.1790000000000005e+29 1400 0.001 4.841912451906003
4.1790000000000005e+29 1500 0.001 6.761951442494112
4.1790000000000005e+29 1600 0.001 8.969998323988609
4.1790000000000005e+29 1700 0.001 11.384117808739674
4.1790000000000005e+29 1800 0.001 13.947714220352209
4.1790000000000005e+29 1900 0.001 16.545538769024066
4.1790000000000005e+29 2000 0.001 19.044019347535844
4.776000000000001e+29 300 0.001 11.81791594606181
4.776000000000001e+29 400 0.001 11.099953165181516
4.776000000000001e+29 500 0.001 9.981202950275836
4.776000000000001e+29 600 0.001 8.49923526765967
4.776000000000001e+29 700 0.001 6.819660915369002
4.776000000000001e+29 800 0.001 5.168031395128627
4.776000000000001e+29 900 0.001 3.757201836643305
4.776000000000001e+29 1000 0.001 2.718547489139808
4.776000000000001e+29 1100 0.001 2.1378989597530897
4.776000000000001e+29 1200 0.001 2.014274011239239
4.776000000000001e+29 1300 0.001 2.330141961990077
4.776000000000001e+29 1400 0.001 3.025012220402534
4.776000000000001e+29 1500 0.001 4.030244142675462
4.776000000000001e+29 1600 0.001 5.25690246314962
4.776000000000001e+29 1700 0.001 6.642041033549095
4.776000000000001e+29 1800 0.001 8.139065062521386
4.776000000000001e+29 1900 0.001 9.68040945648422
4.776000000000001e+29 2000 0.001 11.241189662199648
5.373e+29 300 0.001 11.902385978276556
5.373e+29 400 0.001 11.273863713980987
5.373e+29 500 0.001 10.288429068679859
5.373e+29 600 0.001 8.968677593161518
5.373e+29 700 0.001 7.445431460902069
5.373e+29 800 0.001 5.903407116294525
5.373e+29 900 0.001 4.520665025102043
5.373e+29 1000 0.001 3.407990549971122
5.373e+29 1100 0.001 2.6447216477286517
5.373e+29 1200 0.001 2.2353112070128573
5.373e+29 1300 0.001 2.170971482689269
5.373e+29 1400 0.001 2.4100906950680883
5.373e+29 1500 0.001 2.9034670905858233
5.373e+29 1600 0.001 3.5815205931719167
5.373e+29 1700 0.001 4.3947822144514275
5.373e+29 1800 0.001 5.305119120975935
5.373e+29 1900 0.001 6.261374112283721
5.373e+29 2000 0.001 7.232967641341503
5.970000000000001e+28 300 0.005 7.163959349156466
5.970000000000001e+28 400 0.005 14.515621786385852
5.970000000000001e+28 500 0.005 58.445510287072636
5.970000000000001e+28 600 0.005 216.2222916091466
5.970000000000001e+28 700 0.005 667.5496983739847
5.970000000000001e+28 800 0.005 50
5.970000000000001e+28 900 0.005 50
5.970000000000001e+28 1000 0.005 50
5.970000000000001e+28 1100 0.005 50
5.970000000000001e+28 1200 0.005 50
5.970000000000001e+28 1300 0.005 50
5.970000000000001e+28 1400 0.005 50
5.970000000000001e+28 1500 0.005 50
5.970000000000001e+28 1600 0.005 50
5.970000000000001e+28 1700 0.005 50
5.970000000000001e+28 1800 0.005 50
5.970000000000001e+28 1900 0.005 50
5.970000000000001e+28 2000 0.005 50
1.1940000000000002e+29 300 0.005 7.252167476978302
1.1940000000000002e+29 400 0.005 4.275288971163923
1.1940000000000002e+29 500 0.005 3.395425032971687
1.1940000000000002e+29 600 0.005 9.928874888613741
1.1940000000000002e+29 700 0.005 30.316000597316748
1.1940000000000002e+29 800 0.005 73.57287368889963
1.1940000000000002e+29 900 0.005 147.29830778367523
1.1940000000000002e+29 1000 0.005 50
1.1940000000000002e+29 1100 0.005 50
1.1940000000000002e+29 1200 0.005 50
1.1940000000000002e+29 1300 0.005 50
1.1940000000000002e+29 1400 0.005 50
1.1940000000000002e+29 1500 0.005 50
1.1940000000000002e+29 1600 0.005 50
1.1940000000000002e+29 1700 0.005 50
1.1940000000000002e+29 1800 0.005 50
1.1940000000000002e+29 1900 0.005 50
1.1940000000000002e+29 2000 0.005 50
1.791e+29 300 0.005 8.738173241436865
1.791e+29 400 0.005 6.073201813895166
1.791e+29 500 0.005 3.3406911906724326
1.791e+29 600 0.005 2.1758916838787874
1.791e+29 700 0.005 4.752054426333986
1.791e+29 800 0.005 13.132093571821198
1.791e+29 900 0.005 27.963058734317364
1.791e+29 1000 0.005 50.64948721702251
1.791e+29 1100 0.005 50
1.791e+29 1200 0.005 50
1.791e+29 1300 0.005 50
1.791e+29 1400 0.005 50
1.791e+29 1500 0.005 50
1.791e+29 1600 0.005 50
1.791e+29 1700 0.005 50
1.791e+29 1800 0.005 50
1.791e+29 1900 0.005 50
1.791e+29 2000 0.005 50
2.3880000000000004e+29 300 0.005 9.636587311301742
2.3880000000000004e+29 400 0.005 7.477934144183862
2.3880000000000004e+29 500 0.005 4.8878264716779976
2.3880000000000004e+29 600 0.005 2.640357139463148
2.3880000000000004e+29 700 0.005 1.8085620496316197
2.3880000000000004e+29 800 0.005 3.3895172486430303
2.3880000000000004e+29 900 0.005 7.965029474003207
2.3880000000000004e+29 1000 0.005 15.618362416183393
2.3880000000000004e+29 1100 0.005 25.699984742910242
2.3880000000000004e+29 1200 0.005 38.18400833860849
2.3880000000000004e+29 1300 0.005 52.636867735133066
2.3880000000000004e+29 1400 0.005 50
2.3880000000000004e+29 1500 0.005 50
2.3880000000000004e+29 1600 0.005 50
2.3880000000000004e+29 1700 0.005 50
2.3880000000000004e+29 1800 0.005 50
2.3880000000000004e+29 1900 0.005 50
2.3880000000000004e+29 2000 0.005 50
2.9850000000000003e+29 300 0.005 10.209180433918046
2.9850000000000003e+29 400 0.005 8.43319059680136
2.9850000000000003e+29 500 0.005 6.165743054788544
2.9850000000000003e+29 600 0.005 3.855116172765382
2.9850000000000003e+29 700 0.005 2.1640678600246597
2.9850000000000003e+29 800 0.005 1.7228757534129167
2.9850000000000003e+29 900 0.005 2.906195908654412
2.9850000000000003e+29 1000 0.005 5.7945640018753934
2.9850000000000003e+29 1100 0.005 10.18856851303113
2.9850000000000003e+29 1200 0.005 15.755787012874542
2.9850000000000003e+29 1300 0.005 21.942111901507538
2.9850000000000003e+29 1400 0.005 28.67765458313188
2.9850000000000003e+29 1500 0.005 35.81070367762589
2.9850000000000003e+29 1600 0.005 43.276539105113116
2.9850000000000003e+29 1700 0.005 51.14470704262567
2.9850000000000003e+29 1800 0.005 50
2.9850000000000003e+29 1900 0.005 50
2.9850000000000003e+29 2000 0.005 50
3.582e+29 300 0.005 10.600254762566165
3.582e+29 400 0.005 9.104704043898979
3.582e+29 500 0.005 7.130563520375795
3.582e+29 600 0.005 4.96933724102784
3.582e+29 700 0.005 3.0828066727959675
3.582e+29 800 0.005 1.9264735796839958
3.582e+29 900 0.005 1.7855201791672797
3.582e+29 1000 0.005 2.728818626257446
3.582e+29 1100 0.005 4.6469370970224855
3.582e+29 1200 0.005 7.312851289860784
3.582e+29 1300 0.005 10.532817701832373
3.582e+29 1400 0.005 14.048943167741797
3.582e+29 1500 0.005 17.73467499618863
3.582e+29 1600 0.005 21.319172151023366
3.582e+29 1700 0.005 24.996323183542177
3.582e+29 1800 0.005 28.8158825928249
3.582e+29 1900 0.005 32.80411646415148
3.582e+29 2000 0.005 37.00413133010342
4.1790000000000005e+29 300 0.005 10.882338911308187
4.1790000000000005e+29 400 0.005 9.59696714711199
4.1790000000000005e+29 500 0.005 7.864377065519743
4.1790000000000005e+29 600 0.005 5.888875979097979
4.1790000000000005e+29 700 0.005 4.016916587417419
4.1790000000000005e+29 800 0.005 2.60345492195886
4.1790000000000005e+29 900 0.005 1.8829027310313573
4.1790000000000005e+29 1000 0.005 1.922491297944866
4.1790000000000005e+29 1100 0.005 2.6671577808745686
4.1790000000000005e+29 1200 0.005 3.959143494994521
4.1790000000000005e+29 1300 0.005 5.6586539210044
4.1790000000000005e+29 1400 0.005 7.576042146929641
4.1790000000000005e+29 1500 0.005 9.613687946021939
4.1790000000000005e+29 1600 0.005 11.681078376854082
4.1790000000000005e+29 1700 0.005 13.779051404429634
4.1790000000000005e+29 1800 0.005 15.934666303773133
4.1790000000000005e+29 1900 0.005 18.070138906776112
4.1790000000000005e+29 2000 0.005 20.186277605426266
4.776000000000001e+29 300 0.005 11.094529486030039
4.776000000000001e+29 400 0.005 9.971105061102321
4.776000000000001e+29 500 0.005 8.43476146897762
4.776000000000001e+29 600 0.005 6.636372486564296
4.776000000000001e+29 700 0.005 4.8490705713278315
4.776000000000001e+29 800 0.005 3.362810783825001
4.776000000000001e+29 900 0.005 2.3782921054987782
4.776000000000001e+29 1000 0.005 1.9619468240216649
4.776000000000001e+29 1100 0.005 2.0917900558389544
4.776000000000001e+29 1200 0.005 2.6555879387105854
4.776000000000001e+29 1300 0.005 3.54930671614071
4.776000000000001e+29 1400 0.005 4.630004077131826
4.776000000000001e+29 1500 0.005 5.817216347166473
4.776000000000001e+29 1600 0.005 7.032162004757603
4.776000000000001e+29 1700 0.005 8.263111464823478
4.776000000000001e+29 1800 0.005 9.521909312111193
4.776000000000001e+29 1900 0.005 10.788127134786418
4.776000000000001e+29 2000 0.005 12.087112105979177
5.373e+29 300 0.005 11.259467249929925
5.373e+29 400 0.005 10.264021025143292
5.373e+29 500 0.005 8.888125233693374
5.373e+29 600 0.005 7.247557873238312
5.373e+29 700 0.005 5.565391162175132
5.373e+29 800 0.005 4.086169597442798
5.373e+29 900 0.005 2.9860357762119345
5.373e+29 1000 0.005 2.330059648765038
5.373e+29 1100 0.005 2.116860403678551
5.373e+29 1200 0.005 2.264987617512107
5.373e+29 1300 0.005 2.6948059858546816
5.373e+29 1400 0.005 3.2960415964479113
5.373e+29 1500 0.005 4.001138453222837
5.373e+29 1600 0.005 4.741446784705429
5.373e+29 1700 0.005 5.499378583788536
5.373e+29 1800 0.005 6.278431436860069
5.373e+29 1900 0.005 7.061937447713001
5.373e+29 2000 0.005 7.859136167314654
5.970000000000001e+28 300 0.0025 6.219105024482033
5.970000000000001e+28 400 0.0025 9.263516370264433
5.970000000000001e+28 500 0.0025 42.01700093337564
5.970000000000001e+28 600 0.0025 175.65779674386184
5.970000000000001e+28 700 0.0025 584.8940141263689
5.970000000000001e+28 800 0.0025 50
5.970000000000001e+28 900 0.0025 50
5.970000000000001e+28 1000 0.0025 50
5.970000000000001e+28 1100 0.0025 50
5.970000000000001e+28 1200 0.0025 50
5.970000000000001e+28 1300 0.0025 50
5.970000000000001e+28 1400 0.0025 50
5.970000000000001e+28 1500 0.0025 50
5.970000000000001e+28 1600 0.0025 50
5.970000000000001e+28 1700 0.0025 50
5.970000000000001e+28 1800 0.0025 50
5.970000000000001e+28 1900 0.0025 50
5.970000000000001e+28 2000 0.0025 50
1.1940000000000002e+29 300 0.0025 8.100461917607026
1.1940000000000002e+29 400 0.0025 4.994632956683004
1.1940000000000002e+29 500 0.0025 2.922350865146619
1.1940000000000002e+29 600 0.0025 6.5028632924432
1.1940000000000002e+29 700 0.0025 22.498325299443003
1.1940000000000002e+29 800 0.0025 58.96954458927438
1.1940000000000002e+29 900 0.0025 125.55171074697867
1.1940000000000002e+29 1000 0.0025 50
1.1940000000000002e+29 1100 0.0025 50
1.1940000000000002e+29 1200 0.0025 50
1.1940000000000002e+29 1300 0.0025 50
1.1940000000000002e+29 1400 0.0025 50
1.1940000000000002e+29 1500 0.0025 50
1.1940000000000002e+29 1600 0.0025 50
1.1940000000000002e+29 1700 0.0025 50
1.1940000000000002e+29 1800 0.0025 50
1.1940000000000002e+29 1900 0.0025 50
1.1940000000000002e+29 2000 0.0025 50
1.791e+29 300 0.0025 9.512917203984017
1.791e+29 400 0.0025 7.069956486446803
1.791e+29 500 0.0025 4.192992955809342
1.791e+29 600 0.0025 2.2286255755723072
1.791e+29 700 0.0025 3.225854350643213
1.791e+29 800 0.0025 9.33894205011775
1.791e+29 900 0.0025 21.894626052275413
1.791e+29 1000 0.0025 41.98786491326939
1.791e+29 1100 0.0025 70.42168769487412
1.791e+29 1200 0.0025 50
1.791e+29 1300 0.0025 50
1.791e+29 1400 0.0025 50
1.791e+29 1500 0.0025 50
1.791e+29 1600 0.0025 50
1.791e+29 1700 0.0025 50
1.791e+29 1800 0.0025 50
1.791e+29 1900 0.0025 50
1.791e+29 2000 0.0025 50
2.3880000000000004e+29 300 0.0025 10.280997452924447
2.3880000000000004e+29 400 0.0025 8.384235638193534
2.3880000000000004e+29 500 0.0025 5.88796141545515
2.3880000000000004e+29 600 0.0025 3.398386131742177
2.3880000000000004e+29 700 0.0025 1.9036795523596053
2.3880000000000004e+29 800 0.0025 2.4246711145581137
2.3880000000000004e+29 900 0.0025 5.696734161982762
2.3880000000000004e+29 1000 0.0025 12.101378061539586
2.3880000000000004e+29 1100 0.0025 21.257841079843043
2.3880000000000004e+29 1200 0.0025 33.07340299503052
2.3880000000000004e+29 1300 0.0025 47.387770111193916
2.3880000000000004e+29 1400 0.0025 63.856551730033004
2.3880000000000004e+29 1500 0.0025 50
2.3880000000000004e+29 1600 0.0025 50
2.3880000000000004e+29 1700 0.0025 50
2.3880000000000004e+29 1800 0.0025 50
2.3880000000000004e+29 1900 0.0025 50
2.3880000000000004e+29 2000 0.0025 50
2.9850000000000003e+29 300 0.0025 10.74990837375396
2.9850000000000003e+29 400 0.0025 9.223625215280853
2.9850000000000003e+29 500 0.0025 7.11826169797117
2.9850000000000003e+29 600 0.0025 4.768164817278472
2.9850000000000003e+29 700 0.0025 2.7705463047616554
2.9850000000000003e+29 800 0.0025 1.7568308182167385
2.9850000000000003e+29 900 0.0025 2.1852716015426368
2.9850000000000003e+29 1000 0.0025 4.263236293976924
2.9850000000000003e+29 1100 0.0025 7.952662042387867
2.9850000000000003e+29 1200 0.0025 13.04979720822458
2.9850000000000003e+29 1300 0.0025 19.17264949672605
2.9850000000000003e+29 1400 0.0025 26.01586691201505
2.9850000000000003e+29 1500 0.0025 33.49274067414696
2.9850000000000003e+29 1600 0.0025 41.442945390000645
2.9850000000000003e+29 1700 0.0025 49.80709411828217
2.9850000000000003e+29 1800 0.0025 58.658240511123076
2.9850000000000003e+29 1900 0.0025 50
2.9850000000000003e+29 2000 0.0025 50
3.582e+29 300 0.0025 11.062458855988083
3.582e+29 400 0.0025 9.795099180021307
3.582e+29 500 0.0025 8.00082490517222
3.582e+29 600 0.0025 5.88678057390891
3.582e+29 700 0.0025 3.8612183053776894
3.582e+29 800 0.0025 2.37096606047257
3.582e+29 900 0.0025 1.7507968211809348
3.582e+29 1000 0.0025 2.149209119525776
3.582e+29 1100 0.0025 3.5633158400725935
3.582e+29 1200 0.0025 5.855866671644447
3.582e+29 1300 0.0025 8.880583092566171
3.582e+29 1400 0.0025 12.407469885432754
3.582e+29 1500 0.0025 16.271237509119747
3.582e+29 1600 0.0025 20.152845333021915
3.582e+29 1700 0.0025 24.117638538855886
3.582e+29 1800 0.0025 28.208579448456533
3.582e+29 1900 0.0025 32.42029271886656
3.582e+29 2000 0.0025 36.7774331144289
4.1790000000000005e+29 300 0.0025 11.284306006931613
4.1790000000000005e+29 400 0.0025 10.205739450632882
4.1790000000000005e+29 500 0.0025 8.653168569656986
4.1790000000000005e+29 600 0.0025 6.7648618163268255
4.1790000000000005e+29 700 0.0025 4.8420759985752895
4.1790000000000005e+29 800 0.0025 3.226648857038772
4.1790000000000005e+29 900 0.0025 2.183937626809372
4.1790000000000005e+29 1000 0.0025 1.8345331924000743
4.1790000000000005e+29 1100 0.0025 2.1984056083205576
4.1790000000000005e+29 1200 0.0025 3.1843359482827096
4.1790000000000005e+29 1300 0.0025 4.691781860888706
4.1790000000000005e+29 1400 0.0025 6.558650279602786
4.1790000000000005e+29 1500 0.0025 8.6633339734777
4.1790000000000005e+29 1600 0.0025 10.88190379947208
4.1790000000000005e+29 1700 0.0025 13.162247422095087
4.1790000000000005e+29 1800 0.0025 15.497103369733352
4.1790000000000005e+29 1900 0.0025 17.789859024589067
4.1790000000000005e+29 2000 0.0025 20.015079623559252
4.776000000000001e+29 300 0.0025 11.449258341074506
4.776000000000001e+29 400 0.0025 10.513530582410931
4.776000000000001e+29 500 0.0025 9.150848159755116
4.776000000000001e+29 600 0.0025 7.458359497513489
4.776000000000001e+29 700 0.0025 5.670151860099109
4.776000000000001e+29 800 0.0025 4.061111575229346
4.776000000000001e+29 900 0.0025 2.8517703990530405
4.776000000000001e+29 1000 0.0025 2.1460042025031867
4.776000000000001e+29 1100 0.0025 1.9771157608219312
4.776000000000001e+29 1200 0.0025 2.284289441419512
4.776000000000001e+29 1300 0.0025 2.9966692534815853
4.776000000000001e+29 1400 0.0025 3.997058200184545
4.776000000000001e+29 1500 0.0025 5.193386304320602
4.776000000000001e+29 1600 0.0025 6.486294284982736
4.776000000000001e+29 1700 0.0025 7.82785781177867
4.776000000000001e+29 1800 0.0025 9.203539358280405
4.776000000000001e+29 1900 0.0025 10.575394188855157
4.776000000000001e+29 2000 0.0025 11.95367657612393
5.373e+29 300 0.0025 11.576342329257855
5.373e+29 400 0.0025 10.752017208618849
5.373e+29 500 0.0025 9.541174918361325
5.373e+29 600 0.0025 8.014638819846958
5.373e+29 700 0.0025 6.3611679204930915
5.373e+29 800 0.0025 4.809523357486288
5.373e+29 900 0.0025 3.548642755335516
5.373e+29 1000 0.0025 2.670776696618002
5.373e+29 1100 0.0025 2.2166722882433185
5.373e+29 1200 0.0025 2.145846246822817
5.373e+29 1300 0.0025 2.4071744149479986
5.373e+29 1400 0.0025 2.9139379544746413
5.373e+29 1500 0.0025 3.59441304866645
5.373e+29 1600 0.0025 4.367288673418044
5.373e+29 1700 0.0025 5.189628224869123
5.373e+29 1800 0.0025 6.044368082382044
5.373e+29 1900 0.0025 6.9009977469939505
5.373e+29 2000 0.0025 7.755234878990899
5.970000000000001e+28 300 0.0075 8.481794717207421
5.970000000000001e+28 400 0.0075 18.922922751800495
5.970000000000001e+28 500 0.0075 71.44057611864567
5.970000000000001e+28 600 0.0075 244.30421736663914
5.970000000000001e+28 700 0.0075 719.6979063945676
5.970000000000001e+28 800 0.0075 50
5.970000000000001e+28 900 0.0075 50
5.970000000000001e+28 1000 0.0075 50
5.970000000000001e+28 1100 0.0075 50
5.970000000000001e+28 1200 0.0075 50
5.970000000000001e+28 1300 0.0075 50
5.970000000000001e+28 1400 0.0075 50
5.970000000000001e+28 1500 0.0075 50
5.970000000000001e+28 1600 0.0075 50
5.970000000000001e+28 1700 0.0075 50
5.970000000000001e+28 1800 0.0075 50
5.970000000000001e+28 1900 0.0075 50
5.970000000000001e+28 2000 0.0075 50
1.1940000000000002e+29 300 0.0075 6.765792289927905
1.1940000000000002e+29 400 0.0075 4.03255484714872
1.1940000000000002e+29 500 0.0075 4.207737744533476
1.1940000000000002e+29 600 0.0075 12.654025675261453
1.1940000000000002e+29 700 0.0075 36.108112185981845
1.1940000000000002e+29 800 0.0075 83.3180643900723
1.1940000000000002e+29 900 0.0075 50
1.1940000000000002e+29 1000 0.0075 50
1.1940000000000002e+29 1100 0.0075 50
1.1940000000000002e+29 1200 0.0075 50
1.1940000000000002e+29 1300 0.0075 50
1.1940000000000002e+29 1400 0.0075 50
1.1940000000000002e+29 1500 0.0075 50
1.1940000000000002e+29 1600 0.0075 50
1.1940000000000002e+29 1700 0.0075 50
1.1940000000000002e+29 1800 0.0075 50
1.1940000000000002e+29 1900 0.0075 50
1.1940000000000002e+29 2000 0.0075 50
1.791e+29 300 0.0075 8.214656233372487
1.791e+29 400 0.0075 5.452865402122071
1.791e+29 500 0.0075 2.938944012845056
1.791e+29 600 0.0075 2.448734023899284
1.791e+29 700 0.0075 6.144988205939041
1.791e+29 800 0.0075 15.683975490930337
1.791e+29 900 0.0075 31.998731371799554
1.791e+29 1000 0.0075 55.89089275119459
1.791e+29 1100 0.0075 50
1.791e+29 1200 0.0075 50
1.791e+29 1300 0.0075 50
1.791e+29 1400 0.0075 50
1.791e+29 1500 0.0075 50
1.791e+29 1600 0.0075 50
1.791e+29 1700 0.0075 50
1.791e+29 1800 0.0075 50
1.791e+29 1900 0.0075 50
1.791e+29 2000 0.0075 50
2.3880000000000004e+29 300 0.0075 9.179358420435518
2.3880000000000004e+29 400 0.0075 6.86404298981279
2.3880000000000004e+29 500 0.0075 4.280558720659409
2.3880000000000004e+29 600 0.0075 2.2925583254157873
2.3880000000000004e+29 700 0.0075 1.9783794971441866
2.3880000000000004e+29 800 0.0075 4.272318112757047
2.3880000000000004e+29 900 0.0075 9.618587076066547
2.3880000000000004e+29 1000 0.0075 17.77918454689906
2.3880000000000004e+29 1100 0.0075 28.3001597120635
2.3880000000000004e+29 1200 0.0075 40.88393437226752
2.3880000000000004e+29 1300 0.0075 55.10927062652532
2.3880000000000004e+29 1400 0.0075 50
2.3880000000000004e+29 1500 0.0075 50
2.3880000000000004e+29 1600 0.0075 50
2.3880000000000004e+29 1700 0.0075 50
2.3880000000000004e+29 1800 0.0075 50
2.3880000000000004e+29 1900 0.0075 50
2.3880000000000004e+29 2000 0.0075 50
2.9850000000000003e+29 300 0.0075 9.81593418742102
2.9850000000000003e+29 400 0.0075 7.877987232502437
2.9850000000000003e+29 500 0.0075 5.546091839210716
2.9850000000000003e+29 600 0.0075 3.3334231565507704
2.9850000000000003e+29 700 0.0075 1.9136845039128882
2.9850000000000003e+29 800 0.0075 1.8849579376888872
2.9850000000000003e+29 900 0.0075 3.5435222371802495
2.9850000000000003e+29 1000 0.0075 6.872881660559308
2.9850000000000003e+29 1100 0.0075 11.573316806275013
2.9850000000000003e+29 1200 0.0075 17.21545813531806
2.9850000000000003e+29 1300 0.0075 23.311542018266817
2.9850000000000003e+29 1400 0.0075 29.837908754990256
2.9850000000000003e+29 1500 0.0075 36.68234245712946
2.9850000000000003e+29 1600 0.0075 43.85968335640335
2.9850000000000003e+29 1700 0.0075 51.50034562683812
2.9850000000000003e+29 1800 0.0075 50
2.9850000000000003e+29 1900 0.0075 50
2.9850000000000003e+29 2000 0.0075 50
3.582e+29 300 0.0075 10.258936484896555
3.582e+29 400 0.0075 8.609559502866349
3.582e+29 500 0.0075 6.544946010679879
3.582e+29 600 0.0075 4.407064454891448
3.582e+29 700 0.0075 2.6704992652468134
3.582e+29 800 0.0075 1.7735508531175859
3.582e+29 900 0.0075 1.95241102839892
3.582e+29 1000 0.0075 3.212481578154472
3.582e+29 1100 0.0075 5.374173309305479
3.582e+29 1200 0.0075 8.16584595667014
3.582e+29 1300 0.0075 11.38534695295024
3.582e+29 1400 0.0075 14.793654626694709
3.582e+29 1500 0.0075 18.295046910688512
3.582e+29 1600 0.0075 21.708310138946025
3.582e+29 1700 0.0075 25.242742524261494
3.582e+29 1800 0.0075 28.95375800673527
3.582e+29 1900 0.0075 32.87266737657478
3.582e+29 2000 0.0075 37.03492726025035
4.1790000000000005e+29 300 0.0075 10.582343806647902
4.1790000000000005e+29 400 0.0075 9.15430113305207
4.1790000000000005e+29 500 0.0075 7.322504242772306
4.1790000000000005e+29 600 0.0075 5.332303143774664
4.1790000000000005e+29 700 0.0075 3.543306348664856
4.1790000000000005e+29 800 0.0075 2.3014547830208527
4.1790000000000005e+29 900 0.0075 1.808593911378061
4.1790000000000005e+29 1000 0.0075 2.087859991802484
4.1790000000000005e+29 1100 0.0075 3.0322541722942993
4.1790000000000005e+29 1200 0.0075 4.447996413392972
4.1790000000000005e+29 1300 0.0075 6.184261166745406
4.1790000000000005e+29 1400 0.0075 8.058093158996398
4.1790000000000005e+29 1500 0.0075 10.001725533983802
4.1790000000000005e+29 1600 0.0075 11.957950854507322
4.1790000000000005e+29 1700 0.0075 13.959393222549464
4.1790000000000005e+29 1800 0.0075 16.038861868257385
4.1790000000000005e+29 1900 0.0075 18.123246042032935
4.1790000000000005e+29 2000 0.0075 20.21121706316878
4.776000000000001e+29 300 0.0075 10.827698092078332
4.776000000000001e+29 400 0.0075 9.572743422917231
4.776000000000001e+29 500 0.0075 7.935805775623854
4.776000000000001e+29 600 0.0075 6.10219632760239
4.776000000000001e+29 700 0.0075 4.35793363267985
4.776000000000001e+29 800 0.0075 2.9887653253269173
4.776000000000001e+29 900 0.0075 2.1727928358302266
4.776000000000001e+29 1000 0.0075 1.944486976865565
4.776000000000001e+29 1100 0.0075 2.241848795610987
4.776000000000001e+29 1200 0.0075 2.9228158655996035
4.776000000000001e+29 1300 0.0075 3.87151209923866
4.776000000000001e+29 1400 0.0075 4.945161423898369
4.776000000000001e+29 1500 0.0075 6.082969651078721
4.776000000000001e+29 1600 0.0075 7.228950151100933
4.776000000000001e+29 1700 0.0075 8.395685130020887
4.776000000000001e+29 1800 0.0075 9.601181043306143
4.776000000000001e+29 1900 0.0075 10.830393993017937
4.776000000000001e+29 2000 0.0075 12.107689526232795
5.373e+29 300 0.0075 11.019641695530515
5.373e+29 400 0.0075 9.90290219360348
5.373e+29 500 0.0075 8.428293898563677
5.373e+29 600 0.0075 6.74116168404693
5.373e+29 700 0.0075 5.076941584856998
5.373e+29 800 0.0075 3.6789416214761053
5.373e+29 900 0.0075 2.7071362088411433
5.373e+29 1000 0.0075 2.20269279684127
5.373e+29 1100 0.0075 2.1324709617151325
5.373e+29 1200 0.0075 2.3898432753998597
5.373e+29 1300 0.0075 2.883335376810258
5.373e+29 1400 0.0075 3.4992107781412227
5.373e+29 1500 0.0075 4.1830134616524655
5.373e+29 1600 0.0075 4.882009617758117
5.373e+29 1700 0.0075 5.597539632579791
5.373e+29 1800 0.0075 6.33916728621699
5.373e+29 1900 0.0075 7.095388607313748
5.373e+29 2000 0.0075 7.876010436340274
5.9700000000000005e+29 300 None 9.064947358299728
5.9700000000000005e+29 400 None 7.755599725613549
5.9700000000000005e+29 500 None 6.475980956628719
5.9700000000000005e+29 600 None 5.218266409478929
5.9700000000000005e+29 700 None 4.102329944553873
5.9700000000000005e+29 800 None 3.2515631558708327
5.9700000000000005e+29 900 None 2.712248487942732
5.9700000000000005e+29 1000 None 2.460394927550075
5.9700000000000005e+29 1100 None 2.4383439641726863
5.9700000000000005e+29 1200 None 2.5641979749915254
5.9700000000000005e+29 1300 None 2.800809533746311
5.9700000000000005e+29 1400 None 3.0956877853333187
5.9700000000000005e+29 1500 None 3.442173074873029
5.9700000000000005e+29 1600 None 3.817253868117783
5.9700000000000005e+29 1700 None 4.2274471919985634
5.9700000000000005e+29 1800 None 4.675345716264111
5.9700000000000005e+29 1900 None 5.148890668672597
5.9700000000000005e+29 2000 None 5.64429482213734
6.567e+29 300 None 9.321968796955685
6.567e+29 400 None 8.095716363670258
6.567e+29 500 None 6.889017960915214
6.567e+29 600 None 5.68578516243877
6.567e+29 700 None 4.590335650194466
6.567e+29 800 None 3.7147440432921046
6.567e+29 900 None 3.109689665470038
6.567e+29 1000 None 2.753282830739403
6.567e+29 1100 None 2.605020639860476
6.567e+29 1200 None 2.5950689289818905
6.567e+29 1300 None 2.6890245211438164
6.567e+29 1400 None 2.8408109983660275
6.567e+29 1500 None 3.041855126813446
6.567e+29 1600 None 3.2700705953539377
6.567e+29 1700 None 3.528508936567933
6.567e+29 1800 None 3.8189340992935215
6.567e+29 1900 None 4.132533690843807
6.567e+29 2000 None 4.461973191670679
7.164e+29 300 None 9.544212064542757
7.164e+29 400 None 8.392888194160708
7.164e+29 500 None 7.2541383666832795
7.164e+29 600 None 6.1065309305997495
7.164e+29 700 None 5.042244363096243
7.164e+29 800 None 4.164015450878366
7.164e+29 900 None 3.5249970106545723
7.164e+29 1000 None 3.105133899155415
7.164e+29 1100 None 2.8764637912667212
7.164e+29 1200 None 2.778622049765849
7.164e+29 1300 None 2.779527604874775
7.164e+29 1400 None 2.838326811912027
7.164e+29 1500 None 2.94512369538673
7.164e+29 1600 None 3.078804666132734
7.164e+29 1700 None 3.2400404240282468
7.164e+29 1800 None 3.4300080625928975
7.164e+29 1900 None 3.6421234661302697
7.164e+29 2000 None 3.8669360020656813
7.761e+29 300 None 9.73799128099871
7.761e+29 400 None 8.654076533048771
7.761e+29 500 None 7.577835835655925
7.761e+29 600 None 6.484370320116454
7.761e+29 700 None 5.456131296370039
7.761e+29 800 None 4.587978513854397
7.761e+29 900 None 3.9342789037268857
7.761e+29 1000 None 3.476556506101333
7.761e+29 1100 None 3.196205021342865
7.761e+29 1200 None 3.040435242588871
7.761e+29 1300 None 2.979159028293491
7.761e+29 1400 None 2.97583097918665
7.761e+29 1500 None 3.019637841403587
7.761e+29 1600 None 3.0904168102997414
7.761e+29 1700 None 3.18716385413487
7.761e+29 1800 None 3.310607080893457
7.761e+29 1900 None 3.4557357793196277
7.761e+29 2000 None 3.611831277355189
8.358000000000001e+29 300 None 9.908269943527852
8.358000000000001e+29 400 None 8.88504163805101
8.358000000000001e+29 500 None 7.865985212409183
8.358000000000001e+29 600 None 6.823974335167033
8.358000000000001e+29 700 None 5.833497561984124
8.358000000000001e+29 800 None 4.98265825651363
8.358000000000001e+29 900 None 4.3262046663079845
8.358000000000001e+29 1000 None 3.8470174747474504
8.358000000000001e+29 1100 None 3.533590219242925
8.358000000000001e+29 1200 None 3.339295724918815
8.358000000000001e+29 1300 None 3.2357795377197003
8.358000000000001e+29 1400 None 3.190095412101792
8.358000000000001e+29 1500 None 3.1908004589911974
8.358000000000001e+29 1600 None 3.2186338867753395
8.358000000000001e+29 1700 None 3.2713953149353854
8.358000000000001e+29 1800 None 3.3494519475107736
8.358000000000001e+29 1900 None 3.4489322723736136
8.358000000000001e+29 2000 None 3.5583743746746035
5.9700000000000005e+29 300 0.001 11.968775845551935
5.9700000000000005e+29 400 0.001 11.411009176242331
5.9700000000000005e+29 500 0.001 10.532315496840592
5.9700000000000005e+29 600 0.001 9.345742555825765
5.9700000000000005e+29 700 0.001 7.957757951636926
5.9700000000000005e+29 800 0.001 6.523830990578583
5.9700000000000005e+29 900 0.001 5.196660486387103
5.9700000000000005e+29 1000 0.001 4.072241909107049
5.9700000000000005e+29 1100 0.001 3.22440913896116
5.9700000000000005e+29 1200 0.001 2.6612879276249437
5.9700000000000005e+29 1300 0.001 2.379781598898868
5.9700000000000005e+29 1400 0.001 2.3512960803610112
5.9700000000000005e+29 1500 0.001 2.5397455180609616
5.9700000000000005e+29 1600 0.001 2.8893772276906997
5.9700000000000005e+29 1700 0.001 3.3604343537816943
5.9700000000000005e+29 1800 0.001 3.9214428504036807
5.9700000000000005e+29 1900 0.001 4.532491243680744
5.9700000000000005e+29 2000 0.001 5.161217317021979
6.567e+29 300 0.001 12.022224685560923
6.567e+29 400 0.001 11.521720239923006
6.567e+29 500 0.001 10.730203766870217
6.567e+29 600 0.001 9.654405145625923
6.567e+29 700 0.001 8.383006533460348
6.567e+29 800 0.001 7.049613713670913
6.567e+29 900 0.001 5.787626347457545
6.567e+29 1000 0.001 4.68183452633581
6.567e+29 1100 0.001 3.8012479919055653
6.567e+29 1200 0.001 3.1564123896369627
6.567e+29 1300 0.001 2.7479761405295657
6.567e+29 1400 0.001 2.5565375954941367
6.567e+29 1500 0.001 2.555145137546888
6.567e+29 1600 0.001 2.698205234293366
6.567e+29 1700 0.001 2.9531357074229776
6.567e+29 1800 0.001 3.293650859465006
6.567e+29 1900 0.001 3.6878535605177896
6.567e+29 2000 0.001 4.10335095412835
7.164e+29 300 0.001 12.066109968402728
7.164e+29 400 0.001 11.612825849800377
7.164e+29 500 0.001 10.893716349016886
7.164e+29 600 0.001 9.911212293826184
7.164e+29 700 0.001 8.740566046482375
7.164e+29 800 0.001 7.498486661986583
7.164e+29 900 0.001 6.303201722458706
7.164e+29 1000 0.001 5.230676304443545
7.164e+29 1100 0.001 4.345632305760251
7.164e+29 1200 0.001 3.6601731205182997
7.164e+29 1300 0.001 3.177433984388664
7.164e+29 1400 0.001 2.8846465926283136
7.164e+29 1500 0.001 2.761400080874977
7.164e+29 1600 0.001 2.7697608443687085
7.164e+29 1700 0.001 2.8825801494483976
7.164e+29 1800 0.001 3.077643476473494
7.164e+29 1900 0.001 3.3289619429456287
7.164e+29 2000 0.001 3.6049216070246453
7.761e+29 300 0.001 12.102738739649244
7.761e+29 400 0.001 11.689011882712485
7.761e+29 500 0.001 11.03091176676014
7.761e+29 600 0.001 10.127882277293294
7.761e+29 700 0.001 9.044756337380962
7.761e+29 800 0.001 7.884833580531425
7.761e+29 900 0.001 6.7541065675053416
7.761e+29 1000 0.001 5.721385006916286
7.761e+29 1100 0.001 4.847552387862609
7.761e+29 1200 0.001 4.14568017265972
7.761e+29 1300 0.001 3.6205614662829904
7.761e+29 1400 0.001 3.264304925029743
7.761e+29 1500 0.001 3.0612968998925676
7.761e+29 1600 0.001 2.979512527537271
7.761e+29 1700 0.001 2.996011571592039
7.761e+29 1800 0.001 3.091812297258332
7.761e+29 1900 0.001 3.245407930356168
7.761e+29 2000 0.001 3.426328208293183
8.358000000000001e+29 300 0.001 12.133738230863514
8.358000000000001e+29 400 0.001 11.753595577124038
8.358000000000001e+29 500 0.001 11.147541472105177
8.358000000000001e+29 600 0.001 10.312913176746516
8.358000000000001e+29 700 0.001 9.306276653855821
8.358000000000001e+29 800 0.001 8.220056956705095
8.358000000000001e+29 900 0.001 7.150176581036028
8.358000000000001e+29 1000 0.001 6.159511779443187
8.358000000000001e+29 1100 0.001 5.3054938378497996
8.358000000000001e+29 1200 0.001 4.601757994007782
8.358000000000001e+29 1300 0.001 4.054198994473782
8.358000000000001e+29 1400 0.001 3.6585679772176185
8.358000000000001e+29 1500 0.001 3.4028428409716707
8.358000000000001e+29 1600 0.001 3.259647812493359
8.358000000000001e+29 1700 0.001 3.2093675974998157
8.358000000000001e+29 1800 0.001 3.235620644711371
8.358000000000001e+29 1900 0.001 3.320383329844848
8.358000000000001e+29 2000 0.001 3.434473002226859
5.9700000000000005e+29 300 0.005 11.391077818865979
5.9700000000000005e+29 400 0.005 10.49898966420711
5.9700000000000005e+29 500 0.005 9.255787008042526
5.9700000000000005e+29 600 0.005 7.752963983460953
5.9700000000000005e+29 700 0.005 6.177576837953837
5.9700000000000005e+29 800 0.005 4.740667772124953
5.9700000000000005e+29 900 0.005 3.5994349552010223
5.9700000000000005e+29 1000 0.005 2.8170344448843596
5.9700000000000005e+29 1100 0.005 2.4051915623383517
5.9700000000000005e+29 1200 0.005 2.3039180169885234
5.9700000000000005e+29 1300 0.005 2.450790509742398
5.9700000000000005e+29 1400 0.005 2.7590553498053727
5.9700000000000005e+29 1500 0.005 3.1709918160747286
5.9700000000000005e+29 1600 0.005 3.6263026738459043
5.9700000000000005e+29 1700 0.005 4.104718273624768
5.9700000000000005e+29 1800 0.005 4.604717994477487
5.9700000000000005e+29 1900 0.005 5.112132366930016
5.9700000000000005e+29 2000 0.005 5.62668159472946
6.567e+29 300 0.005 11.498360841472488
6.567e+29 400 0.005 10.691305944112859
6.567e+29 500 0.005 9.559202625730245
6.567e+29 600 0.005 8.176047205188237
6.567e+29 700 0.005 6.701927949432219
6.567e+29 800 0.005 5.322158355635314
6.567e+29 900 0.005 4.178754494260704
6.567e+29 1000 0.005 3.3326200180951018
6.567e+29 1100 0.005 2.803933562385972
6.567e+29 1200 0.005 2.5480888483140527
6.567e+29 1300 0.005 2.515183247032499
6.567e+29 1400 0.005 2.6358634718299916
6.567e+29 1500 0.005 2.8600682846356196
6.567e+29 1600 0.005 3.134358023869256
6.567e+29 1700 0.005 3.437422224064526
6.567e+29 1800 0.005 3.76455441912724
6.567e+29 1900 0.005 4.10332155921832
6.567e+29 2000 0.005 4.447514845816856
7.164e+29 300 0.005 11.587374854071593
7.164e+29 400 0.005 10.85138967389905
7.164e+29 500 0.005 9.813406418506881
7.164e+29 600 0.005 8.534397787324917
7.164e+29 700 0.005 7.153613916188502
7.164e+29 800 0.005 5.835994631934297
7.164e+29 900 0.005 4.711057578938378
7.164e+29 1000 0.005 3.8372973750507624
7.164e+29 1100 0.005 3.2403719735632195
7.164e+29 1200 0.005 2.88696511260772
7.164e+29 1300 0.005 2.7365289000633433
7.164e+29 1400 0.005 2.7328933973809475
7.164e+29 1500 0.005 2.832093694266548
7.164e+29 1600 0.005 2.986361850036151
7.164e+29 1700 0.005 3.174236496120514
7.164e+29 1800 0.005 3.388923658430453
7.164e+29 1900 0.005 3.619260439667518
7.164e+29 2000 0.005 3.8552244889916736
7.761e+29 300 0.005 11.662339820520048
7.761e+29 400 0.005 10.986563500589828
7.761e+29 500 0.005 10.029180663131324
7.761e+29 600 0.005 8.84121003684179
7.761e+29 700 0.005 7.5453864464986
7.761e+29 800 0.005 6.290122565765589
7.761e+29 900 0.005 5.1944385986502715
7.761e+29 1000 0.005 4.314386544309773
7.761e+29 1100 0.005 3.679153787720886
7.761e+29 1200 0.005 3.263880578554369
7.761e+29 1300 0.005 3.035170875404058
7.761e+29 1400 0.005 2.947050086351206
7.761e+29 1500 0.005 2.960501177541768
7.761e+29 1600 0.005 3.0324959884290514
7.761e+29 1700 0.005 3.141915026619563
7.761e+29 1800 0.005 3.280575030366093
7.761e+29 1900 0.005 3.43828807222253
7.761e+29 2000 0.005 3.602536464816062
8.358000000000001e+29 300 0.005 11.726280940148383
8.358000000000001e+29 400 0.005 11.102113282942977
8.358000000000001e+29 500 0.005 10.214428838399103
8.358000000000001e+29 600 0.005 9.106468627044594
8.358000000000001e+29 700 0.005 7.887602008987976
8.358000000000001e+29 800 0.005 6.692571133693569
8.358000000000001e+29 900 0.005 5.6314405511220365
8.358000000000001e+29 1000 0.005 4.757861992765889
8.358000000000001e+29 1100 0.005 4.103246611693036
8.358000000000001e+29 1200 0.005 3.6491791237771545
8.358000000000001e+29 1300 0.005 3.367840368558494
8.358000000000001e+29 1400 0.005 3.2212805625067156
8.358000000000001e+29 1500 0.005 3.174567203028412
8.358000000000001e+29 1600 0.005 3.1886755713137855
8.358000000000001e+29 1700 0.005 3.2430992214699415
8.358000000000001e+29 1800 0.005 3.3287284504638732
8.358000000000001e+29 1900 0.005 3.436155721561974
8.358000000000001e+29 2000 0.005 3.551224215154027
5.9700000000000005e+29 300 0.0025 11.677030357936024
5.9700000000000005e+29 400 0.0025 10.941779362142348
5.9700000000000005e+29 500 0.0025 9.854523046561727
5.9700000000000005e+29 600 0.0025 8.468325414392428
5.9700000000000005e+29 700 0.0025 6.939682060870531
5.9700000000000005e+29 800 0.0025 5.463774343561221
5.9700000000000005e+29 900 0.0025 4.205929943769603
5.9700000000000005e+29 1000 0.0025 3.2495463597686967
5.9700000000000005e+29 1100 0.0025 2.6392888093965934
5.9700000000000005e+29 1200 0.0025 2.3485835232317136
5.9700000000000005e+29 1300 0.0025 2.3398353142266495
5.9700000000000005e+29 1400 0.0025 2.5476749384102972
5.9700000000000005e+29 1500 0.0025 2.914842257718129
5.9700000000000005e+29 1600 0.0025 3.373490076698806
5.9700000000000005e+29 1700 0.0025 3.8853287483209646
5.9700000000000005e+29 1800 0.0025 4.432657559271414
5.9700000000000005e+29 1900 0.0025 4.990193896173346
5.9700000000000005e+29 2000 0.0025 5.545625913790367
6.567e+29 300 0.0025 11.75862798123604
6.567e+29 400 0.0025 11.096078931477617
6.567e+29 500 0.0025 10.111049270049882
6.567e+29 600 0.0025 8.84412498873796
6.567e+29 700 0.0025 7.427880249834134
6.567e+29 800 0.0025 6.032023680133352
6.567e+29 900 0.0025 4.803496973513266
6.567e+29 1000 0.0025 3.8185746406014007
6.567e+29 1100 0.0025 3.123723042038206
6.567e+29 1200 0.0025 2.702100769316105
6.567e+29 1300 0.0025 2.525665153378686
6.567e+29 1400 0.0025 2.5444393124499594
6.567e+29 1500 0.0025 2.711766456424444
6.567e+29 1600 0.0025 2.970073689379733
6.567e+29 1700 0.0025 3.2851491038375187
6.567e+29 1800 0.0025 3.63947415429892
6.567e+29 1900 0.0025 4.011587514680049
6.567e+29 2000 0.0025 4.384592064578248
7.164e+29 300 0.0025 11.825997057282617
7.164e+29 400 0.0025 11.223818416996355
7.164e+29 500 0.0025 10.324565252382552
7.164e+29 600 0.0025 9.159767207610047
7.164e+29 700 0.0025 7.843680856328912
7.164e+29 800 0.0025 6.5260690941937485
7.164e+29 900 0.0025 5.339113429466335
7.164e+29 1000 0.0025 4.353155804148593
7.164e+29 1100 0.0025 3.6151832655946743
7.164e+29 1200 0.0025 3.1153002006741377
7.164e+29 1300 0.0025 2.8323855386044463
7.164e+29 1400 0.0025 2.727840658105498
7.164e+29 1500 0.0025 2.762997030272926
7.164e+29 1600 0.0025 2.888298638221861
7.164e+29 1700 0.0025 3.07305255661403
7.164e+29 1800 0.0025 3.3002876806855257
7.164e+29 1900 0.0025 3.5514407816648044
7.164e+29 2000 0.0025 3.8069880818942816
7.761e+29 300 0.0025 11.88249278953078
7.761e+29 400 0.0025 11.331182106168697
7.761e+29 500 0.0025 10.504812145648632
7.761e+29 600 0.0025 9.428163476213768
7.761e+29 700 0.0025 8.201095546616061
7.761e+29 800 0.0025 6.957355215012309
7.761e+29 900 0.0025 5.816994724912245
7.761e+29 1000 0.0025 4.845300022218976
7.761e+29 1100 0.0025 4.089001888795489
7.761e+29 1200 0.0025 3.5432446441192815
7.761e+29 1300 0.0025 3.1920357349476403
7.761e+29 1400 0.0025 3.0053691267106957
7.761e+29 1500 0.0025 2.9507378688773596
7.761e+29 1600 0.0025 2.984967856967388
7.761e+29 1700 0.0025 3.080395321826887
7.761e+29 1800 0.0025 3.2207518866100235
7.761e+29 1900 0.0025 3.389743519206423
7.761e+29 2000 0.0025 3.566390648957921
8.358000000000001e+29 300 0.0025 11.930502074045277
8.358000000000001e+29 400 0.0025 11.422592407352306
8.358000000000001e+29 500 0.0025 10.658837605993314
8.358000000000001e+29 600 0.0025 9.658877119721264
8.358000000000001e+29 700 0.0025 8.51100859865839
8.358000000000001e+29 800 0.0025 7.335852812676869
8.358000000000001e+29 900 0.0025 6.243308656290722
8.358000000000001e+29 1000 0.0025 5.2942825578729105
8.358000000000001e+29 1100 0.0025 4.534780540138088
8.358000000000001e+29 1200 0.0025 3.963653372628079
8.358000000000001e+29 1300 0.0025 3.568782038638816
8.358000000000001e+29 1400 0.0025 3.326768800258339
8.358000000000001e+29 1500 0.0025 3.2099565469281814
8.358000000000001e+29 1600 0.0025 3.1803413982186433
8.358000000000001e+29 1700 0.0025 3.212874412091048
8.358000000000001e+29 1800 0.0025 3.2920426454169345
8.358000000000001e+29 1900 0.0025 3.4033769236282088
8.358000000000001e+29 2000 0.0025 3.5251667363613413
5.9700000000000005e+29 300 0.0075 11.173577409940023
5.9700000000000005e+29 400 0.0075 10.169337632097733
5.9700000000000005e+29 500 0.0075 8.830744327300796
5.9700000000000005e+29 600 0.0075 7.2751289836281705
5.9700000000000005e+29 700 0.0075 5.7013010880563035
5.9700000000000005e+29 800 0.0075 4.320968825004618
5.9700000000000005e+29 900 0.0075 3.2795066047945984
5.9700000000000005e+29 1000 0.0075 2.6217644203753903
5.9700000000000005e+29 1100 0.0075 2.333671703070413
5.9700000000000005e+29 1200 0.0075 2.3336657470196567
5.9700000000000005e+29 1300 0.0075 2.5478571100035463
5.9700000000000005e+29 1400 0.0075 2.8839858092258566
5.9700000000000005e+29 1500 0.0075 3.29300724237944
5.9700000000000005e+29 1600 0.0075 3.7258471918454736
5.9700000000000005e+29 1700 0.0075 4.177168827980536
5.9700000000000005e+29 1800 0.0075 4.651198234845914
5.9700000000000005e+29 1900 0.0075 5.138568928047909
5.9700000000000005e+29 2000 0.0075 5.640481731039586
6.567e+29 300 0.0075 11.299576370708948
6.567e+29 400 0.0075 10.388456779687498
6.567e+29 500 0.0075 9.164855873080128
6.567e+29 600 0.0075 7.725666406522684
6.567e+29 700 0.0075 6.242106076143844
6.567e+29 800 0.0075 4.901402164961717
6.567e+29 900 0.0075 3.83679284084222
6.567e+29 1000 0.0075 3.0948999156041723
6.567e+29 1100 0.0075 2.6745606865920126
6.567e+29 1200 0.0075 2.512452174078811
6.567e+29 1300 0.0075 2.547737589759115
6.567e+29 1400 0.0075 2.704423811850184
6.567e+29 1500 0.0075 2.9380468547250227
6.567e+29 1600 0.0075 3.2030836866253276
6.567e+29 1700 0.0075 3.4901200760737026
6.567e+29 1800 0.0075 3.799786535057441
6.567e+29 1900 0.0075 4.1240495979152705
6.567e+29 2000 0.0075 4.458716816180197
7.164e+29 300 0.0075 11.404479160822886
7.164e+29 400 0.0075 10.57157241641446
7.164e+29 500 0.0075 9.446128931546959
7.164e+29 600 0.0075 8.109643573357273
7.164e+29 700 0.0075 6.711892977855536
7.164e+29 800 0.0075 5.420560844422076
7.164e+29 900 0.0075 4.358587101836013
7.164e+29 1000 0.0075 3.57316041524715
7.164e+29 1100 0.0075 3.0720150778278703
7.164e+29 1200 0.0075 2.8054293509384127
7.164e+29 1300 0.0075 2.722508990518097
7.164e+29 1400 0.0075 2.7598518493159196
7.164e+29 1500 0.0075 2.8768915334709115
7.164e+29 1600 0.0075 3.031386902955965
7.164e+29 1700 0.0075 3.2114202252531676
7.164e+29 1800 0.0075 3.41509944089934
7.164e+29 1900 0.0075 3.6352600060506917
7.164e+29 2000 0.0075 3.864199628700552
7.761e+29 300 0.0075 11.493084317182014
7.761e+29 400 0.0075 10.726708736577356
7.761e+29 500 0.0075 9.685836133976473
7.761e+29 600 0.0075 8.44005327847187
7.761e+29 700 0.0075 7.122054011973873
7.761e+29 800 0.0075 5.883549711892156
7.761e+29 900 0.0075 4.838611832564835
7.761e+29 1000 0.0075 4.034238221310251
7.761e+29 1100 0.0075 3.484373283403701
7.761e+29 1200 0.0075 3.1496514171196432
7.761e+29 1300 0.0075 2.9869225661067302
7.761e+29 1400 0.0075 2.9427171847416944
7.761e+29 1500 0.0075 2.979814321397151
7.761e+29 1600 0.0075 3.058949258745463
7.761e+29 1700 0.0075 3.166694121489949
7.761e+29 1800 0.0075 3.2993388699723067
7.761e+29 1900 0.0075 3.450314617372719
7.761e+29 2000 0.0075 3.6095813873702687
8.358000000000001e+29 300 0.0075 11.568851768114602
8.358000000000001e+29 400 0.0075 10.859700979379898
8.358000000000001e+29 500 0.0075 9.892328732714597
8.358000000000001e+29 600 0.0075 8.72690964486052
8.358000000000001e+29 700 0.0075 7.482245084843029
8.358000000000001e+29 800 0.0075 6.296744621124552
8.358000000000001e+29 900 0.0075 5.276755228744835
8.358000000000001e+29 1000 0.0075 4.468611365050161
8.358000000000001e+29 1100 0.0075 3.8906231005046554
8.358000000000001e+29 1200 0.0075 3.5114521179609834
8.358000000000001e+29 1300 0.0075 3.2940970036203634
8.358000000000001e+29 1400 0.0075 3.1930539862196157
8.358000000000001e+29 1500 0.0075 3.173999943865321
8.358000000000001e+29 1600 0.0075 3.200350438599353
8.358000000000001e+29 1700 0.0075 3.257812920907072
8.358000000000001e+29 1800 0.0075 3.3413436068872047
8.358000000000001e+29 1900 0.0075 3.444804376450123
8.358000000000001e+29 2000 0.0075 3.5565803452442704
