# mass(g) temperature(K) clouds reduced_chi_squared
2.9850000000000005e+28 300 None 146.36725782336387
2.9850000000000005e+28 400 None 530.2604952665209
2.9850000000000005e+28 500 None 3637.544717496856
2.9850000000000005e+28 600 None 135644.8468360564
2.9850000000000005e+28 700 None 7618677258.500815
2.9850000000000005e+28 800 None 27027902165.061584
2.9850000000000005e+28 900 None 1578463862.937207
2.9850000000000005e+28 1000 None 11292479338.471785
2.9850000000000005e+28 1100 None 986532729.527875
2.9850000000000005e+28 1200 None 542494718.9967564
2.9850000000000005e+28 1300 None 1938503974.8461337
2.9850000000000005e+28 1400 None 36447298.46994502
2.9850000000000005e+28 1500 None 6264236.298417166
2.9850000000000005e+28 1600 None 1811436.7517917182
2.9850000000000005e+28 1700 None 166505.35052099894
2.9850000000000005e+28 1800 None 5084.465833869032
2.9850000000000005e+28 1900 None 71.9187627700531
2.9850000000000005e+28 2000 None 75.33091287046915
5.970000000000001e+28 300 None 31.898357609281987
5.970000000000001e+28 400 None 35.398797062725315
5.970000000000001e+28 500 None 75.29418835968576
5.970000000000001e+28 600 None 220.40240787275638
5.970000000000001e+28 700 None 636.4810965210949
5.970000000000001e+28 800 None 1755.441034358525
5.970000000000001e+28 900 None 4881.104384831771
5.970000000000001e+28 1000 None 15328.60547839703
5.970000000000001e+28 1100 None 65089.63999729905
5.970000000000001e+28 1200 None 613158.3897374907
5.970000000000001e+28 1300 None 138273476.65333113
5.970000000000001e+28 1400 None 31261242131.680695
5.970000000000001e+28 1500 None 8214403250.786006
5.970000000000001e+28 1600 None 46501745859.931625
5.970000000000001e+28 1700 None 16765252212.209831
5.970000000000001e+28 1800 None 1659518642.8701081
5.970000000000001e+28 1900 None 2626450782.9678006
5.970000000000001e+28 2000 None 1082730781.898496
8.955e+28 300 None 31.93004822813849
8.955e+28 400 None 20.843222466361183
8.955e+28 500 None 16.451543851097703
8.955e+28 600 None 28.554197112496436
8.955e+28 700 None 76.08060469947269
8.955e+28 800 None 184.5056422651016
8.955e+28 900 None 391.33728297492104
8.955e+28 1000 None 765.7118884259281
8.955e+28 1100 None 1422.96927436118
8.955e+28 1200 None 2607.84535092614
8.955e+28 1300 None 4837.432939348748
8.955e+28 1400 None 9374.26656818319
8.955e+28 1500 None 19613.91787649389
8.955e+28 1600 None 47011.14260988295
8.955e+28 1700 None 143204.90443895728
8.955e+28 1800 None 707501.647314227
8.955e+28 1900 None 11816035.385215184
8.955e+28 2000 None 177794409918.18707
1.1940000000000002e+29 300 None 37.61105211547125
1.1940000000000002e+29 400 None 25.03632855689848
1.1940000000000002e+29 500 None 14.60289711023841
1.1940000000000002e+29 600 None 9.424535015758604
1.1940000000000002e+29 700 None 14.830913560999571
1.1940000000000002e+29 800 None 37.44576073569748
1.1940000000000002e+29 900 None 83.60570559310574
1.1940000000000002e+29 1000 None 161.13302125887577
1.1940000000000002e+29 1100 None 279.3690251901172
1.1940000000000002e+29 1200 None 453.54086938301333
1.1940000000000002e+29 1300 None 708.458733660713
1.1940000000000002e+29 1400 None 1085.8054696621723
1.1940000000000002e+29 1500 None 1649.9248905042891
1.1940000000000002e+29 1600 None 2515.117994616156
1.1940000000000002e+29 1700 None 3878.3167250418583
1.1940000000000002e+29 1800 None 6113.084364922766
1.1940000000000002e+29 1900 None 9950.301038228397
1.1940000000000002e+29 2000 None 17034.767246780706
1.4925000000000001e+29 300 None 42.72615086571295
1.4925000000000001e+29 400 None 30.82830787561679
1.4925000000000001e+29 500 None 19.71721832045468
1.4925000000000001e+29 600 None 10.525648270777129
1.4925000000000001e+29 700 None 6.0799270253082165
1.4925000000000001e+29 800 None 9.387373883054877
1.4925000000000001e+29 900 None 21.81618596815698
1.4925000000000001e+29 1000 None 45.61165559972542
1.4925000000000001e+29 1100 None 81.90610977330982
1.4925000000000001e+29 1200 None 132.85566723897196
1.4925000000000001e+29 1300 None 201.04645595264753
1.4925000000000001e+29 1400 None 293.0101816504579
1.4925000000000001e+29 1500 None 414.7403141824403
1.4925000000000001e+29 1600 None 578.3599626864401
1.4925000000000001e+29 1700 None 798.3435513872433
1.4925000000000001e+29 1800 None 1097.6621474533656
1.4925000000000001e+29 1900 None 1507.6027474631487
1.4925000000000001e+29 2000 None 2080.9599338298217
1.791e+29 300 None 46.832688501478025
1.791e+29 400 None 35.954943875029336
1.791e+29 500 None 25.365326734550056
1.791e+29 600 None 15.461973680146587
1.791e+29 700 None 7.9901302202816336
1.791e+29 800 None 4.772179921982398
1.791e+29 900 None 6.737798161199068
1.791e+29 1000 None 14.556103624118137
1.791e+29 1100 None 27.650767725632335
1.791e+29 1200 None 46.374792380650874
1.791e+29 1300 None 71.41969059421383
1.791e+29 1400 None 103.92775768874587
1.791e+29 1500 None 144.96375101494965
1.791e+29 1600 None 196.64498266267165
1.791e+29 1700 None 262.44848077328606
1.791e+29 1800 None 345.32925408170235
1.791e+29 1900 None 449.97641363280826
1.791e+29 2000 None 583.1457853030445
2.0895000000000002e+29 300 None 50.10429159332522
2.0895000000000002e+29 400 None 40.21260220486717
2.0895000000000002e+29 500 None 30.39618441791301
2.0895000000000002e+29 600 None 20.727832964355073
2.0895000000000002e+29 700 None 12.438854773970043
2.0895000000000002e+29 800 None 6.8393335295737305
2.0895000000000002e+29 900 None 4.592078998401317
2.0895000000000002e+29 1000 None 5.916232363707
2.0895000000000002e+29 1100 None 10.49035920602465
2.0895000000000002e+29 1200 None 18.104790840547345
2.0895000000000002e+29 1300 None 28.564208728751666
2.0895000000000002e+29 1400 None 41.832919698266195
2.0895000000000002e+29 1500 None 58.583341302657146
2.0895000000000002e+29 1600 None 79.41153440569495
2.0895000000000002e+29 1700 None 105.23523538842521
2.0895000000000002e+29 1800 None 136.55256649789575
2.0895000000000002e+29 1900 None 174.3524031137566
2.0895000000000002e+29 2000 None 220.74267739230189
2.3880000000000004e+29 300 None 52.74247523642964
2.3880000000000004e+29 400 None 43.724173989995776
2.3880000000000004e+29 500 None 34.68243950593192
2.3880000000000004e+29 600 None 25.530374812006155
2.3880000000000004e+29 700 None 17.21085952380051
2.3880000000000004e+29 800 None 10.760462806332066
2.3880000000000004e+29 900 None 6.739184335499041
2.3880000000000004e+29 1000 None 5.202287721178318
2.3880000000000004e+29 1100 None 5.886625806136192
2.3880000000000004e+29 1200 None 8.498282212099939
2.3880000000000004e+29 1300 None 12.851968679989787
2.3880000000000004e+29 1400 None 18.842403149365147
2.3880000000000004e+29 1500 None 26.567945762885536
2.3880000000000004e+29 1600 None 35.74400383135255
2.3880000000000004e+29 1700 None 47.11111729200658
2.3880000000000004e+29 1800 None 60.97141996165803
2.3880000000000004e+29 1900 None 77.54171583742534
2.3880000000000004e+29 2000 None 97.47341386675578
2.6865e+29 300 None 54.90364671471519
2.6865e+29 400 None 46.64125422457267
2.6865e+29 500 None 38.308009920560245
2.6865e+29 600 None 29.734045618753438
2.6865e+29 700 None 21.680897506702404
2.6865e+29 800 None 15.016101300027676
2.6865e+29 900 None 10.248937897559669
2.6865e+29 1000 None 7.367859587656905
2.6865e+29 1100 None 6.183906624719251
2.6865e+29 1200 None 6.4067831041600005
2.6865e+29 1300 None 7.811276787600111
2.6865e+29 1400 None 10.232182832754324
2.6865e+29 1500 None 13.661022471672966
2.6865e+29 1600 None 18.092420176114985
2.6865e+29 1700 None 23.71621103013306
2.6865e+29 1800 None 30.414438564133377
2.6865e+29 1900 None 38.23064732593765
2.6865e+29 2000 None 47.601069247380885
2.9850000000000003e+29 300 None 56.70144920119289
2.9850000000000003e+29 400 None 49.0908376882525
2.9850000000000003e+29 500 None 41.386921248073776
2.9850000000000003e+29 600 None 33.37583757075133
2.9850000000000003e+29 700 None 25.695498370351686
2.9850000000000003e+29 800 None 19.09771046225266
2.9850000000000003e+29 900 None 14.059950139912567
2.9850000000000003e+29 1000 None 10.541845143580014
2.9850000000000003e+29 1100 None 8.417701095124734
2.9850000000000003e+29 1200 None 7.422613425457104
2.9850000000000003e+29 1300 None 7.3281983236996915
2.9850000000000003e+29 1400 None 7.959809511436282
2.9850000000000003e+29 1500 None 9.267088282129821
2.9850000000000003e+29 1600 None 11.196768289661353
2.9850000000000003e+29 1700 None 13.848285227667615
2.9850000000000003e+29 1800 None 17.245599679608898
2.9850000000000003e+29 1900 None 21.345302649236707
2.9850000000000003e+29 2000 None 26.328738728592157
2.9850000000000005e+28 300 0.001 32.87779745962054
2.9850000000000005e+28 400 0.001 108.58045901965156
2.9850000000000005e+28 500 0.001 2151.903093575993
2.9850000000000005e+28 600 0.001 125683.68777934933
2.9850000000000005e+28 700 0.001 7616024450.45806
2.9850000000000005e+28 800 0.001 27022331836.23444
2.9850000000000005e+28 900 0.001 1577132761.4293704
2.9850000000000005e+28 1000 0.001 11288914936.176373
2.9850000000000005e+28 1100 0.001 985633652.9841214
2.9850000000000005e+28 1200 0.001 541975946.4029372
2.9850000000000005e+28 1300 0.001 1938033045.4069486
2.9850000000000005e+28 1400 0.001 36393342.095738396
2.9850000000000005e+28 1500 0.001 6262942.078921942
2.9850000000000005e+28 1600 0.001 1810341.131342992
2.9850000000000005e+28 1700 0.001 166332.36258647536
2.9850000000000005e+28 1800 0.001 5081.932366134272
2.9850000000000005e+28 1900 0.001 71.9169926353938
2.9850000000000005e+28 2000 0.001 75.33091919932446
5.970000000000001e+28 300 0.001 54.32574283642546
5.970000000000001e+28 400 0.001 32.321942850659106
5.970000000000001e+28 500 0.001 12.503990104599232
5.970000000000001e+28 600 0.001 46.78427285743315
5.970000000000001e+28 700 0.001 281.9123724130831
5.970000000000001e+28 800 0.001 1131.2262131886625
5.970000000000001e+28 900 0.001 3874.295350465899
5.970000000000001e+28 1000 0.001 13735.018939057409
5.970000000000001e+28 1100 0.001 62412.010877775625
5.970000000000001e+28 1200 0.001 607102.8469131541
5.970000000000001e+28 1300 0.001 138208248.73560444
5.970000000000001e+28 1400 0.001 31260345842.20355
5.970000000000001e+28 1500 0.001 8214077487.441827
5.970000000000001e+28 1600 0.001 46501171685.141
5.970000000000001e+28 1700 0.001 16765047403.674658
5.970000000000001e+28 1800 0.001 1659486097.9053748
5.970000000000001e+28 1900 0.001 2626431516.1338725
5.970000000000001e+28 2000 0.001 1082726467.0327425
8.955e+28 300 0.001 62.71326115907065
8.955e+28 400 0.001 48.45118296730268
8.955e+28 500 0.001 28.36789952105286
8.955e+28 600 0.001 9.924044692869998
8.955e+28 700 0.001 10.795029946963151
8.955e+28 800 0.001 59.83671580900391
8.955e+28 900 0.001 201.3752335392277
8.955e+28 1000 0.001 510.0290378119709
8.955e+28 1100 0.001 1110.9145032353506
8.955e+28 1200 0.001 2255.27575798511
8.955e+28 1300 0.001 4462.803184335879
8.955e+28 1400 0.001 8994.95662241107
8.955e+28 1500 0.001 19241.44877713692
8.955e+28 1600 0.001 46648.75153679539
8.955e+28 1700 0.001 142833.92515396478
8.955e+28 1800 0.001 707059.8688910671
8.955e+28 1900 0.001 11815124.323124554
8.955e+28 2000 0.001 177794331851.91498
1.1940000000000002e+29 300 0.001 66.5692002853681
1.1940000000000002e+29 400 0.001 56.443546556689626
1.1940000000000002e+29 500 0.001 41.17677340581287
1.1940000000000002e+29 600 0.001 23.066679569299385
1.1940000000000002e+29 700 0.001 8.021331344956437
1.1940000000000002e+29 800 0.001 4.689868384547971
1.1940000000000002e+29 900 0.001 23.293970899781655
1.1940000000000002e+29 1000 0.001 74.28986991533162
1.1940000000000002e+29 1100 0.001 171.83157634274355
1.1940000000000002e+29 1200 0.001 334.4636402008247
1.1940000000000002e+29 1300 0.001 586.8201653779562
1.1940000000000002e+29 1400 0.001 970.1358207730833
1.1940000000000002e+29 1500 0.001 1546.6153524482843
1.1940000000000002e+29 1600 0.001 2428.428898340093
1.1940000000000002e+29 1700 0.001 3808.7627139903925
1.1940000000000002e+29 1800 0.001 6060.3045426979
1.1940000000000002e+29 1900 0.001 9911.914019972983
1.1940000000000002e+29 2000 0.001 17007.989044151247
1.4925000000000001e+29 300 0.001 68.73698426557193
1.4925000000000001e+29 400 0.001 60.998212047833114
1.4925000000000001e+29 500 0.001 49.03700988751268
1.4925000000000001e+29 600 0.001 33.80120391184919
1.4925000000000001e+29 700 0.001 18.2427630099908
1.4925000000000001e+29 800 0.001 6.512708956453125
1.4925000000000001e+29 900 0.001 3.018611306858343
1.4925000000000001e+29 1000 0.001 11.895168120355395
1.4925000000000001e+29 1100 0.001 35.99621829681595
1.4925000000000001e+29 1200 0.001 79.33311235714473
1.4925000000000001e+29 1300 0.001 145.52784415996163
1.4925000000000001e+29 1400 0.001 239.5424672672464
1.4925000000000001e+29 1500 0.001 367.2134032004474
1.4925000000000001e+29 1600 0.001 538.7246907630307
1.4925000000000001e+29 1700 0.001 766.8359995343251
1.4925000000000001e+29 1800 0.001 1074.166429400901
1.4925000000000001e+29 1900 0.001 1490.9730255618315
1.4925000000000001e+29 2000 0.001 2069.8008651058
1.791e+29 300 0.001 70.11163255962907
1.791e+29 400 0.001 63.89771278783945
1.791e+29 500 0.001 54.17375457843856
1.791e+29 600 0.001 41.38505867715377
1.791e+29 700 0.001 27.336988879699035
1.791e+29 800 0.001 14.57513794218933
1.791e+29 900 0.001 5.691487125303352
1.791e+29 1000 0.001 2.770411180757277
1.791e+29 1100 0.001 7.416601769305353
1.791e+29 1200 0.001 20.788367115422233
1.791e+29 1300 0.001 42.89587344165402
1.791e+29 1400 0.001 75.53100416388949
1.791e+29 1500 0.001 119.27007678650564
1.791e+29 1600 0.001 174.73073701601825
1.791e+29 1700 0.001 244.81181452648696
1.791e+29 1800 0.001 332.04646745738137
1.791e+29 1900 0.001 440.4581017516098
1.791e+29 2000 0.001 576.6862748862479
2.0895000000000002e+29 300 0.001 71.05500469422985
2.0895000000000002e+29 400 0.001 65.89025172358501
2.0895000000000002e+29 500 0.001 57.74849749829221
2.0895000000000002e+29 600 0.001 46.847415415261224
2.0895000000000002e+29 700 0.001 34.428506076412944
2.0895000000000002e+29 800 0.001 22.277058751125463
2.0895000000000002e+29 900 0.001 12.191611761500749
2.0895000000000002e+29 1000 0.001 5.491123825976443
2.0895000000000002e+29 1100 0.001 3.157985686377804
2.0895000000000002e+29 1200 0.001 5.733498847213843
2.0895000000000002e+29 1300 0.001 13.469638554161845
2.0895000000000002e+29 1400 0.001 26.169015799485077
2.0895000000000002e+29 1500 0.001 43.61241576441215
2.0895000000000002e+29 1600 0.001 66.27639112892795
2.0895000000000002e+29 1700 0.001 94.42188485433147
2.0895000000000002e+29 1800 0.001 128.26079800693154
2.0895000000000002e+29 1900 0.001 168.29428433270127
2.0895000000000002e+29 2000 0.001 216.53800154230703
2.3880000000000004e+29 300 0.001 71.73949235528059
2.3880000000000004e+29 400 0.001 67.33678198514234
2.3880000000000004e+29 500 0.001 60.362388066711034
2.3880000000000004e+29 600 0.001 50.91743379923702
2.3880000000000004e+29 700 0.001 39.92193024555572
2.3880000000000004e+29 800 0.001 28.73315920633407
2.3880000000000004e+29 900 0.001 18.72215450845863
2.3880000000000004e+29 1000 0.001 10.84370011730047
2.3880000000000004e+29 1100 0.001 5.820379259117589
2.3880000000000004e+29 1200 0.001 3.9735070098640644
2.3880000000000004e+29 1300 0.001 5.389089591389857
2.3880000000000004e+29 1400 0.001 9.99459819423187
2.3880000000000004e+29 1500 0.001 17.594350098249812
2.3880000000000004e+29 1600 0.001 27.712028960466387
2.3880000000000004e+29 1700 0.001 40.2611546265765
2.3880000000000004e+29 1800 0.001 55.52767552061718
2.3880000000000004e+29 1900 0.001 73.4715871482644
2.3880000000000004e+29 2000 0.001 94.58360851943024
2.6865e+29 300 0.001 72.25710840128879
2.6865e+29 400 0.001 68.43095015217179
2.6865e+29 500 0.001 62.34865180588456
2.6865e+29 600 0.001 54.04660644057221
2.6865e+29 700 0.001 44.242273567735694
2.6865e+29 800 0.001 34.02292518711213
2.6865e+29 900 0.001 24.495649441369192
2.6865e+29 1000 0.001 16.410589916944165
2.6865e+29 1100 0.001 10.355127578157209
2.6865e+29 1200 0.001 6.562697656941731
2.6865e+29 1300 0.001 5.073733564244249
2.6865e+29 1400 0.001 5.800997049694981
2.6865e+29 1500 0.001 8.555363640473164
2.6865e+29 1600 0.001 13.08746004026081
2.6865e+29 1700 0.001 19.261833748754427
2.6865e+29 1800 0.001 26.812058737419267
2.6865e+29 1900 0.001 35.453045967303204
2.6865e+29 2000 0.001 45.573756175254125
2.9850000000000003e+29 300 0.001 72.6612261753786
2.9850000000000003e+29 400 0.001 69.2853413512763
2.9850000000000003e+29 500 0.001 63.90457754352761
2.9850000000000003e+29 600 0.001 56.51734029908699
2.9850000000000003e+29 700 0.001 47.70403922492991
2.9850000000000003e+29 800 0.001 38.36758124964697
2.9850000000000003e+29 900 0.001 29.436317498038758
2.9850000000000003e+29 1000 0.001 21.530976793508334
2.9850000000000003e+29 1100 0.001 15.156037199358606
2.9850000000000003e+29 1200 0.001 10.503774107251907
2.9850000000000003e+29 1300 0.001 7.603752742736525
2.9850000000000003e+29 1400 0.001 6.3859271138011815
2.9850000000000003e+29 1500 0.001 6.693720139052301
2.9850000000000003e+29 1600 0.001 8.299670625436608
2.9850000000000003e+29 1700 0.001 11.060285544595647
2.9850000000000003e+29 1800 0.001 14.834745721452697
2.9850000000000003e+29 1900 0.001 19.421866528968042
2.9850000000000003e+29 2000 0.001 24.883370546793035
2.9850000000000005e+28 300 0.005 41.64438482521758
2.9850000000000005e+28 400 0.005 214.72398671276733
2.9850000000000005e+28 500 0.005 2750.887935544728
2.9850000000000005e+28 600 0.005 130975.3478662904
2.9850000000000005e+28 700 0.005 7617595085.933079
2.9850000000000005e+28 800 0.005 27025929628.91193
2.9850000000000005e+28 900 0.005 1578072243.860954
2.9850000000000005e+28 1000 0.005 11291586273.468164
2.9850000000000005e+28 1100 0.005 986353622.1616738
2.9850000000000005e+28 1200 0.005 542412868.1877179
2.9850000000000005e+28 1300 0.005 1938434025.1660404
2.9850000000000005e+28 1400 0.005 36442709.94302137
2.9850000000000005e+28 1500 0.005 6264096.177146662
2.9850000000000005e+28 1600 0.005 1811387.3492253681
2.9850000000000005e+28 1700 0.005 166502.15364375632
2.9850000000000005e+28 1800 0.005 5084.447433324873
2.9850000000000005e+28 1900 0.005 71.91875903185333
2.9850000000000005e+28 2000 0.005 75.3309128726979
5.970000000000001e+28 300 0.005 41.98177076265219
5.970000000000001e+28 400 0.005 20.47878627245333
5.970000000000001e+28 500 0.005 17.11715615073634
5.970000000000001e+28 600 0.005 98.51197235629185
5.970000000000001e+28 700 0.005 432.29267064160854
5.970000000000001e+28 800 0.005 1456.2292623730655
5.970000000000001e+28 900 0.005 4484.186370645217
5.970000000000001e+28 1000 0.005 14816.323245478541
5.970000000000001e+28 1100 0.005 64406.75153165368
5.970000000000001e+28 1200 0.005 611975.1952236675
5.970000000000001e+28 1300 0.005 138264056.1603202
5.970000000000001e+28 1400 0.005 31261146104.467335
5.970000000000001e+28 1500 0.005 8214379686.163119
5.970000000000001e+28 1600 0.005 46501718442.14177
5.970000000000001e+28 1700 0.005 16765246476.499128
5.970000000000001e+28 1800 0.005 1659518189.7318337
5.970000000000001e+28 1900 0.005 2626450656.954029
5.970000000000001e+28 2000 0.005 1082730770.7118597
8.955e+28 300 0.005 52.6858375700687
8.955e+28 400 0.005 34.87621782720378
8.955e+28 500 0.005 15.369276067648798
8.955e+28 600 0.005 6.215750868003566
8.955e+28 700 0.005 28.228893187159837
8.955e+28 800 0.005 112.23207417542905
8.955e+28 900 0.005 301.1845917106386
8.955e+28 1000 0.005 665.3648225815618
8.955e+28 1100 0.005 1323.8240563674756
8.955e+28 1200 0.005 2519.6997994192766
8.955e+28 1300 0.005 4766.739327412977
8.955e+28 1400 0.005 9322.383335489796
8.955e+28 1500 0.005 19579.21239331471
8.955e+28 1600 0.005 46989.359117212785
8.955e+28 1700 0.005 143191.46449050203
8.955e+28 1800 0.005 707492.9849496727
8.955e+28 1900 0.005 11816026.585777009
8.955e+28 2000 0.005 177794409584.48065
1.1940000000000002e+29 300 0.005 58.61023163596222
1.1940000000000002e+29 400 0.005 44.83800491766164
1.1940000000000002e+29 500 0.005 27.483159241989114
1.1940000000000002e+29 600 0.005 11.07780158037045
1.1940000000000002e+29 700 0.005 3.3249946354393933
1.1940000000000002e+29 800 0.005 13.594416720345817
1.1940000000000002e+29 900 0.005 49.67587021279334
1.1940000000000002e+29 1000 0.005 122.25672739809832
1.1940000000000002e+29 1100 0.005 240.12895227378877
1.1940000000000002e+29 1200 0.005 419.1204607454562
1.1940000000000002e+29 1300 0.005 681.6078526686605
1.1940000000000002e+29 1400 0.005 1067.024956827851
1.1940000000000002e+29 1500 0.005 1638.2480519808107
1.1940000000000002e+29 1600 0.005 2508.6275758789516
1.1940000000000002e+29 1700 0.005 3875.0612349583153
1.1940000000000002e+29 1800 0.005 6111.6818113507015
1.1940000000000002e+29 1900 0.005 9949.768530052423
1.1940000000000002e+29 2000 0.005 17034.59382248843
1.4925000000000001e+29 300 0.005 62.23189008810444
1.4925000000000001e+29 400 0.005 51.20661995018775
1.4925000000000001e+29 500 0.005 36.617974684739735
1.4925000000000001e+29 600 0.005 20.79586720752555
1.4925000000000001e+29 700 0.005 7.840244482798998
1.4925000000000001e+29 800 0.005 2.417468051762651
1.4925000000000001e+29 900 0.005 8.371331400249062
1.4925000000000001e+29 1000 0.005 28.007723996606902
1.4925000000000001e+29 1100 0.005 62.94833503731193
1.4925000000000001e+29 1200 0.005 115.63482680944273
1.4925000000000001e+29 1300 0.005 187.26466865158966
1.4925000000000001e+29 1400 0.005 283.183185924462
1.4925000000000001e+29 1500 0.005 408.57661048255744
1.4925000000000001e+29 1600 0.005 574.8993923643662
1.4925000000000001e+29 1700 0.005 796.5853597814538
1.4925000000000001e+29 1800 0.005 1096.894057243468
1.4925000000000001e+29 1900 0.005 1507.3076791120038
1.4925000000000001e+29 2000 0.005 2080.862310192908
1.791e+29 300 0.005 64.64602418762718
1.791e+29 400 0.005 55.524567028313
1.791e+29 500 0.005 43.15623538388197
1.791e+29 600 0.005 28.95440019632785
1.791e+29 700 0.005 15.567663196566363
1.791e+29 800 0.005 5.98120535066725
1.791e+29 900 0.005 2.492185608167829
1.791e+29 1000 0.005 6.4204174564292265
1.791e+29 1100 0.005 18.140669400656687
1.791e+29 1200 0.005 37.00388746431572
1.791e+29 1300 0.005 63.53461756451868
1.791e+29 1400 0.005 98.12189865041383
1.791e+29 1500 0.005 141.2308963509673
1.791e+29 1600 0.005 194.48402201608621
1.791e+29 1700 0.005 261.31958121397537
1.791e+29 1800 0.005 344.81962200298847
1.791e+29 1900 0.005 449.7727761806117
1.791e+29 2000 0.005 583.0749831518832
2.0895000000000002e+29 300 0.005 66.3598731964903
2.0895000000000002e+29 400 0.005 58.615987956314996
2.0895000000000002e+29 500 0.005 47.95988075289115
2.0895000000000002e+29 600 0.005 35.33993141159574
2.0895000000000002e+29 700 0.005 22.664172339505114
2.0895000000000002e+29 800 0.005 12.111190178231023
2.0895000000000002e+29 900 0.005 5.3319791524776
2.0895000000000002e+29 1000 0.005 3.158345993727291
2.0895000000000002e+29 1100 0.005 5.743341710220784
2.0895000000000002e+29 1200 0.005 12.822158211827094
2.0895000000000002e+29 1300 0.005 23.961047057130358
2.0895000000000002e+29 1400 0.005 38.26273413168448
2.0895000000000002e+29 1500 0.005 56.17367709586132
2.0895000000000002e+29 1600 0.005 77.97097911950611
2.0895000000000002e+29 1700 0.005 104.45812030153135
2.0895000000000002e+29 1800 0.005 136.18933675750503
2.0895000000000002e+29 1900 0.005 174.20140867635013
2.0895000000000002e+29 2000 0.005 220.68748200869067
2.3880000000000004e+29 300 0.005 67.63472038617293
2.3880000000000004e+29 400 0.005 60.92689308736758
2.3880000000000004e+29 500 0.005 51.604537220626014
2.3880000000000004e+29 600 0.005 40.3482648698121
2.3880000000000004e+29 700 0.005 28.62891698623595
2.3880000000000004e+29 800 0.005 18.16162605852157
2.3880000000000004e+29 900 0.005 10.254996335179626
2.3880000000000004e+29 1000 0.005 5.539615991861974
2.3880000000000004e+29 1100 0.005 4.146029017435941
2.3880000000000004e+29 1200 0.005 5.80691270018322
2.3880000000000004e+29 1300 0.005 10.105720351476549
2.3880000000000004e+29 1400 0.005 16.57482921974973
2.3880000000000004e+29 1500 0.005 24.968391313996
2.3880000000000004e+29 1600 0.005 34.76490090863411
2.3880000000000004e+29 1700 0.005 46.56267829916129
2.3880000000000004e+29 1800 0.005 60.70392720103443
2.3880000000000004e+29 1900 0.005 77.42620350402737
2.3880000000000004e+29 2000 0.005 97.42926930354619
2.6865e+29 300 0.005 68.61749152260052
2.6865e+29 400 0.005 62.71404866303628
2.6865e+29 500 0.005 54.45037292097489
2.6865e+29 600 0.005 44.338748702339124
2.6865e+29 700 0.005 33.56559843500559
2.6865e+29 800 0.005 23.546583982835575
2.6865e+29 900 0.005 15.377826453491723
2.6865e+29 1000 0.005 9.587435043100998
2.6865e+29 1100 0.005 6.322298359306881
2.6865e+29 1200 0.005 5.366891160575022
2.6865e+29 1300 0.005 6.354027317486242
2.6865e+29 1400 0.005 8.866368658294071
2.6865e+29 1500 0.005 12.623948441890926
2.6865e+29 1600 0.005 17.415342735809546
2.6865e+29 1700 0.005 23.322162886445227
2.6865e+29 1800 0.005 30.216671052820622
2.6865e+29 1900 0.005 38.141828102898
2.6865e+29 2000 0.005 47.565635943328836
2.9850000000000003e+29 300 0.005 69.39670443282127
2.9850000000000003e+29 400 0.005 64.13420562676237
2.9850000000000003e+29 500 0.005 56.72703710060161
2.9850000000000003e+29 600 0.005 47.57466319352202
2.9850000000000003e+29 700 0.005 37.66536932902456
2.9850000000000003e+29 800 0.005 28.205192318544544
2.9850000000000003e+29 900 0.005 20.143690890825148
2.9850000000000003e+29 1000 0.005 13.946892149452829
2.9850000000000003e+29 1100 0.005 9.7811437188403
2.9850000000000003e+29 1200 0.005 7.485097325821481
2.9850000000000003e+29 1300 0.005 6.7481911790260085
2.9850000000000003e+29 1400 0.005 7.2185124790419
2.9850000000000003e+29 1500 0.005 8.626726464815679
2.9850000000000003e+29 1600 0.005 10.74582971548447
2.9850000000000003e+29 1700 0.005 13.571327682164952
2.9850000000000003e+29 1800 0.005 17.098842883625487
2.9850000000000003e+29 1900 0.005 21.276788808436933
2.9850000000000003e+29 2000 0.005 26.300267433566873
2.9850000000000005e+28 300 0.0025 34.89099615308903
2.9850000000000005e+28 400 0.0025 164.37295071438348
2.9850000000000005e+28 500 0.0025 2499.1967371642327
2.9850000000000005e+28 600 0.0025 128958.09480363003
2.9850000000000005e+28 700 0.0025 7617029457.812344
2.9850000000000005e+28 800 0.0025 27024695660.76888
2.9850000000000005e+28 900 0.0025 1577769843.3653462
2.9850000000000005e+28 1000 0.0025 11290773489.783707
2.9850000000000005e+28 1100 0.0025 986151876.9114503
2.9850000000000005e+28 1200 0.0025 542300319.2712791
2.9850000000000005e+28 1300 0.0025 1938331604.3964071
2.9850000000000005e+28 1400 0.0025 36432635.32213173
2.9850000000000005e+28 1500 0.0025 6263828.156819959
2.9850000000000005e+28 1600 0.0025 1811216.403412895
2.9850000000000005e+28 1700 0.0025 166483.14105580514
2.9850000000000005e+28 1800 0.0025 5084.253736937859
2.9850000000000005e+28 1900 0.0025 71.91868026663111
2.9850000000000005e+28 2000 0.0025 75.33091298563886
5.970000000000001e+28 300 0.0025 47.28756607625757
5.970000000000001e+28 400 0.0025 24.882764020113633
5.970000000000001e+28 500 0.0025 13.159956668963888
5.970000000000001e+28 600 0.0025 73.6222820978238
5.970000000000001e+28 700 0.0025 367.93931494098456
5.970000000000001e+28 800 0.0025 1326.0700891473166
5.970000000000001e+28 900 0.0025 4256.239594622565
5.970000000000001e+28 1000 0.0025 14440.100533344817
5.970000000000001e+28 1100 0.0025 63765.91720928719
5.970000000000001e+28 1200 0.0025 610548.3791459334
5.970000000000001e+28 1300 0.0025 138249398.8840874
5.970000000000001e+28 1400 0.0025 31260957690.963024
5.970000000000001e+28 1500 0.0025 8214318420.912818
5.970000000000001e+28 1600 0.0025 46501624053.460915
5.970000000000001e+28 1700 0.0025 16765218478.068865
5.970000000000001e+28 1800 0.0025 1659514784.5103045
5.970000000000001e+28 1900 0.0025 2626449143.843706
5.970000000000001e+28 2000 0.0025 1082730533.033847
8.955e+28 300 0.0025 57.294779192807724
8.955e+28 400 0.0025 40.83220053601967
8.955e+28 500 0.0025 20.480967279818824
8.955e+28 600 0.0025 6.522414538905353
8.955e+28 700 0.0025 19.420880455406323
8.955e+28 800 0.0025 88.86947251697444
8.955e+28 900 0.0025 260.1496711188823
8.955e+28 1000 0.0025 606.1670132730218
8.955e+28 1100 0.0025 1248.004840732642
8.955e+28 1200 0.0025 2432.9631311596036
8.955e+28 1300 0.0025 4676.434684298544
8.955e+28 1400 0.0025 9235.78165305882
8.955e+28 1500 0.0025 19501.831903973027
8.955e+28 1600 0.0025 46923.60460567253
8.955e+28 1700 0.0025 143134.82853361455
8.955e+28 1800 0.0025 707439.492090266
8.955e+28 1900 0.0025 11815943.639686245
8.955e+28 2000 0.0025 177794404405.44806
1.1940000000000002e+29 300 0.0025 62.361158613569444
1.1940000000000002e+29 400 0.0025 50.12568711605759
1.1940000000000002e+29 500 0.0025 33.34933069396076
1.1940000000000002e+29 600 0.0025 15.662855259198581
1.1940000000000002e+29 700 0.0025 4.252523296709563
1.1940000000000002e+29 800 0.0025 8.537283758470698
1.1940000000000002e+29 900 0.0025 37.680672676243006
1.1940000000000002e+29 1000 0.0025 102.6518560605197
1.1940000000000002e+29 1100 0.0025 214.16837907016784
1.1940000000000002e+29 1200 0.0025 389.4657041746076
1.1940000000000002e+29 1300 0.0025 651.3614617594017
1.1940000000000002e+29 1400 0.0025 1039.315195239771
1.1940000000000002e+29 1500 0.0025 1615.2942118055596
1.1940000000000002e+29 1600 0.0025 2491.4585344661004
1.1940000000000002e+29 1700 0.0025 3863.2123035519603
1.1940000000000002e+29 1800 0.0025 6104.350838050709
1.1940000000000002e+29 1900 0.0025 9945.63913995539
1.1940000000000002e+29 2000 0.0025 17032.456133284973
1.4925000000000001e+29 300 0.0025 65.34110138502507
1.4925000000000001e+29 400 0.0025 55.75244495044914
1.4925000000000001e+29 500 0.0025 42.1045303676832
1.4925000000000001e+29 600 0.0025 26.149499394158262
1.4925000000000001e+29 700 0.0025 11.632136472189295
1.4925000000000001e+29 800 0.0025 3.207813281367729
1.4925000000000001e+29 900 0.0025 5.14919000305368
1.4925000000000001e+29 1000 0.0025 20.874096548274284
1.4925000000000001e+29 1100 0.0025 52.00670368320946
1.4925000000000001e+29 1200 0.0025 102.19344135905712
1.4925000000000001e+29 1300 0.0025 173.2027277444507
1.4925000000000001e+29 1400 0.0025 269.9791192379421
1.4925000000000001e+29 1500 0.0025 397.54766391029784
1.4925000000000001e+29 1600 0.0025 566.5884077673148
1.4925000000000001e+29 1700 0.0025 790.8230099270713
1.4925000000000001e+29 1800 0.0025 1093.3255953280586
1.4925000000000001e+29 1900 0.0025 1505.3105807859993
1.4925000000000001e+29 2000 0.0025 2079.843130128136
1.791e+29 300 0.0025 67.28309969292471
1.791e+29 400 0.0025 59.458132714873756
1.791e+29 500 0.0025 48.10798549302575
1.791e+29 600 0.0025 34.22982078887784
1.791e+29 700 0.0025 20.195165218467668
1.791e+29 800 0.0025 8.94145208929801
1.791e+29 900 0.0025 3.0147983990351417
1.791e+29 1000 0.0025 4.161826588764037
1.791e+29 1100 0.0025 13.33455395168678
1.791e+29 1200 0.0025 30.58841153918917
1.791e+29 1300 0.0025 56.20306400621738
1.791e+29 1400 0.0025 90.93885878263286
1.791e+29 1500 0.0025 135.06342773559194
1.791e+29 1600 0.0025 189.68631306534567
1.791e+29 1700 0.0025 257.9170728615311
1.791e+29 1800 0.0025 342.66197655106606
1.791e+29 1900 0.0025 448.5318048463985
1.791e+29 2000 0.0025 582.4231451523981
2.0895000000000002e+29 300 0.0025 68.64096260123151
2.0895000000000002e+29 400 0.0025 62.06211083955516
2.0895000000000002e+29 500 0.0025 52.409815265031085
2.0895000000000002e+29 600 0.0025 40.311077972680295
2.0895000000000002e+29 700 0.0025 27.44456861009867
2.0895000000000002e+29 800 0.0025 15.922266936783947
2.0895000000000002e+29 900 0.0025 7.546679489830947
2.0895000000000002e+29 1000 0.0025 3.4304930959317783
2.0895000000000002e+29 1100 0.0025 4.125786972608987
2.0895000000000002e+29 1200 0.0025 9.712367447443322
2.0895000000000002e+29 1300 0.0025 20.014901200553922
2.0895000000000002e+29 1400 0.0025 34.20420758359556
2.0895000000000002e+29 1500 0.0025 52.47056864120251
2.0895000000000002e+29 1600 0.0025 74.98699935603067
2.0895000000000002e+29 1700 0.0025 102.27748896921985
2.0895000000000002e+29 1800 0.0025 134.76652434768582
2.0895000000000002e+29 1900 0.0025 173.35721837147287
2.0895000000000002e+29 2000 0.0025 220.22824595007617
2.3880000000000004e+29 300 0.0025 69.63985239561984
2.3880000000000004e+29 400 0.0025 63.98301354167623
2.3880000000000004e+29 500 0.0025 55.619229485054696
2.3880000000000004e+29 600 0.0025 44.969367450602014
2.3880000000000004e+29 700 0.0025 33.307909390887964
2.3880000000000004e+29 800 0.0025 22.274436975622887
2.3880000000000004e+29 900 0.0025 13.271949426541195
2.3880000000000004e+29 1000 0.0025 7.125270161341499
2.3880000000000004e+29 1100 0.0025 4.256345695144889
2.3880000000000004e+29 1200 0.0025 4.661004424059473
2.3880000000000004e+29 1300 0.0025 8.105377923265086
2.3880000000000004e+29 1400 0.0025 14.217238041524901
2.3880000000000004e+29 1500 0.0025 22.679314457701942
2.3880000000000004e+29 1600 0.0025 32.870916963231416
2.3880000000000004e+29 1700 0.0025 45.122396379146984
2.3880000000000004e+29 1800 0.0025 59.724632684672116
2.3880000000000004e+29 1900 0.0025 76.82624241181315
2.3880000000000004e+29 2000 0.0025 97.09194957344268
2.6865e+29 300 0.0025 70.40332003037634
2.6865e+29 400 0.0025 65.45375920216571
2.6865e+29 500 0.0025 58.09454608567482
2.6865e+29 600 0.0025 48.62117298797724
2.6865e+29 700 0.0025 38.048234641048786
2.6865e+29 800 0.0025 27.712263196059514
2.6865e+29 900 0.0025 18.768219180740868
2.6865e+29 1000 0.0025 11.883371525106899
2.6865e+29 1100 0.0025 7.42596512364068
2.6865e+29 1200 0.0025 5.389298939571864
2.6865e+29 1300 0.0025 5.563446224589596
2.6865e+29 1400 0.0025 7.625147228712744
2.6865e+29 1500 0.0025 11.2650194418244
2.6865e+29 1600 0.0025 16.189197513961933
2.6865e+29 1700 0.0025 22.348178225221712
2.6865e+29 1800 0.0025 29.537542886290552
2.6865e+29 1900 0.0025 37.7101979969172
2.6865e+29 2000 0.0025 47.31433392143024
2.9850000000000003e+29 300 0.0025 71.00450673626243
2.9850000000000003e+29 400 0.0025 66.61328568856852
2.9850000000000003e+29 500 0.0025 60.05606829997959
2.9850000000000003e+29 600 0.0025 51.54701703111471
2.9850000000000003e+29 700 0.0025 41.92167955264777
2.9850000000000003e+29 800 0.0025 32.3063139228638
2.9850000000000003e+29 900 0.0025 23.6861419937195
2.9850000000000003e+29 1000 0.0025 16.629492814998663
2.9850000000000003e+29 1100 0.0025 11.47591042326198
2.9850000000000003e+29 1200 0.0025 8.234448861203466
2.9850000000000003e+29 1300 0.0025 6.732356553518442
2.9850000000000003e+29 1400 0.0025 6.707740647138321
2.9850000000000003e+29 1500 0.0025 7.888095941816149
2.9850000000000003e+29 1600 0.0025 9.995093811516622
2.9850000000000003e+29 1700 0.0025 12.931215390559256
2.9850000000000003e+29 1800 0.0025 16.623733913799303
2.9850000000000003e+29 1900 0.0025 20.963305969709303
2.9850000000000003e+29 2000 0.0025 26.111370124457967
2.9850000000000005e+28 300 0.0075 48.142051878836156
2.9850000000000005e+28 400 0.0075 252.46602958204102
2.9850000000000005e+28 500 0.0075 2911.4714805740305
2.9850000000000005e+28 600 0.0075 132108.25850539905
2.9850000000000005e+28 700 0.0075 7617893411.268158
2.9850000000000005e+28 800 0.0075 27026542798.768764
2.9850000000000005e+28 900 0.0075 1578211412.2190695
2.9850000000000005e+28 1000 0.0075 11291936676.117176
2.9850000000000005e+28 1100 0.0075 986432636.5988883
2.9850000000000005e+28 1200 0.0075 542452813.8083107
2.9850000000000005e+28 1300 0.0075 1938469737.8786004
2.9850000000000005e+28 1400 0.0075 36445459.046876356
2.9850000000000005e+28 1500 0.0075 6264179.021453869
2.9850000000000005e+28 1600 0.0075 1811422.3033010452
2.9850000000000005e+28 1700 0.0075 166504.69472646673
2.9850000000000005e+28 1800 0.0075 5084.463674488373
2.9850000000000005e+28 1900 0.0075 71.9187624856906
2.9850000000000005e+28 2000 0.0075 75.33091287050952
5.970000000000001e+28 300 0.0075 38.69706422867339
5.970000000000001e+28 400 0.0075 18.548453164096777
5.970000000000001e+28 500 0.0075 21.269779911929007
5.970000000000001e+28 600 0.0075 116.24310642577099
5.970000000000001e+28 700 0.0075 473.76818710208164
5.970000000000001e+28 800 0.0075 1531.5567959835448
5.970000000000001e+28 900 0.0075 4605.273108178242
5.970000000000001e+28 1000 0.0075 14998.767679257491
5.970000000000001e+28 1100 0.0075 64687.33674491574
5.970000000000001e+28 1200 0.0075 612529.8713139002
5.970000000000001e+28 1300 0.0075 138269033.85095996
5.970000000000001e+28 1400 0.0075 31261202163.586914
5.970000000000001e+28 1500 0.0075 8214394902.384117
5.970000000000001e+28 1600 0.0075 46501737710.64572
5.970000000000001e+28 1700 0.0075 16765250889.752375
5.970000000000001e+28 1800 0.0075 1659518571.1612213
5.970000000000001e+28 1900 0.0075 2626450770.132095
5.970000000000001e+28 2000 0.0075 1082730781.3657312
8.955e+28 300 0.0075 49.50730411149428
8.955e+28 400 0.0075 31.065280935803973
8.955e+28 500 0.0075 12.706243513955418
8.955e+28 600 0.0075 7.284063609872385
8.955e+28 700 0.0075 35.16339369176709
8.955e+28 800 0.0075 127.22810843434064
8.955e+28 900 0.0075 325.0649652574255
8.955e+28 1000 0.0075 697.1891389112828
8.955e+28 1100 0.0075 1360.776744225342
8.955e+28 1200 0.0075 2557.4930163077315
8.955e+28 1300 0.0075 4801.342936703608
8.955e+28 1400 0.0075 9351.084372509371
8.955e+28 1500 0.0075 19600.6589581758
8.955e+28 1600 0.0075 47004.191218572865
8.955e+28 1700 0.0075 143201.49770983128
8.955e+28 1800 0.0075 707500.0373598235
8.955e+28 1900 0.0075 11816034.26309284
8.955e+28 2000 0.0075 177794409895.03738
1.1940000000000002e+29 300 0.0075 55.924851502055816
1.1940000000000002e+29 400 0.0075 41.23005663495402
1.1940000000000002e+29 500 0.0075 23.843252697658105
1.1940000000000002e+29 600 0.0075 8.740148806803866
1.1940000000000002e+29 700 0.0075 3.6735449570028225
1.1940000000000002e+29 800 0.0075 17.372629423146456
1.1940000000000002e+29 900 0.0075 57.54459602906797
1.1940000000000002e+29 1000 0.0075 133.4884317721852
1.1940000000000002e+29 1100 0.0075 253.6945893314107
1.1940000000000002e+29 1200 0.0075 433.00537602314625
1.1940000000000002e+29 1300 0.0075 694.0918006303679
1.1940000000000002e+29 1400 0.0075 1076.956512029714
1.1940000000000002e+29 1500 0.0075 1645.1835505436788
1.1940000000000002e+29 1600 0.0075 2512.8974070392014
1.1940000000000002e+29 1700 0.0075 3877.417863082835
1.1940000000000002e+29 1800 0.0075 6112.791077859813
1.1940000000000002e+29 1900 0.0075 9950.221477634079
1.1940000000000002e+29 2000 0.0075 17034.751892866865
1.4925000000000001e+29 300 0.0075 59.96010973580224
1.4925000000000001e+29 400 0.0075 48.010452093574926
1.4925000000000001e+29 500 0.0075 33.027566016617314
1.4925000000000001e+29 600 0.0075 17.647330477571078
1.4925000000000001e+29 700 0.0075 6.023738729561325
1.4925000000000001e+29 800 0.0075 2.6552392441782917
1.4925000000000001e+29 900 0.0075 10.98549895862372
1.4925000000000001e+29 1000 0.0075 32.575575952584956
1.4925000000000001e+29 1100 0.0075 69.06272125128979
1.4925000000000001e+29 1200 0.0075 122.28299286456124
1.4925000000000001e+29 1300 0.0075 193.4038190848107
1.4925000000000001e+29 1400 0.0075 288.19568827973785
1.4925000000000001e+29 1500 0.0075 412.12332698767705
1.4925000000000001e+29 1600 0.0075 577.1142154264438
1.4925000000000001e+29 1700 0.0075 797.827352076168
1.4925000000000001e+29 1800 0.0075 1097.4878252544368
1.4925000000000001e+29 1900 0.0075 1507.553609204471
1.4925000000000001e+29 2000 0.0075 2080.9497112055187
1.791e+29 300 0.0075 62.693530474452736
1.791e+29 400 0.0075 52.70833751074189
1.791e+29 500 0.0075 39.824460465112914
1.791e+29 600 0.0075 25.688743269077904
1.791e+29 700 0.0075 13.008458870356236
1.791e+29 800 0.0075 4.674399189395754
1.791e+29 900 0.0075 2.739941761003507
1.791e+29 1000 0.0075 8.199252798526006
1.791e+29 1100 0.0075 20.984268875033163
1.791e+29 1200 0.0075 40.39532367022722
1.791e+29 1300 0.0075 66.9078249767801
1.791e+29 1400 0.0075 100.98802917752738
1.791e+29 1500 0.0075 143.31970533935115
1.791e+29 1600 0.0075 195.8347927501723
1.791e+29 1700 0.0075 262.1005246066713
1.791e+29 1800 0.0075 345.20607067054976
1.791e+29 1900 0.0075 449.9396136926293
1.791e+29 2000 0.0075 583.1373954803192
2.0895000000000002e+29 300 0.0075 64.6548658610996
2.0895000000000002e+29 400 0.0075 56.11797196932393
2.0895000000000002e+29 500 0.0075 44.91233859019192
2.0895000000000002e+29 600 0.0075 32.17484199890177
2.0895000000000002e+29 700 0.0075 19.87359722861362
2.0895000000000002e+29 800 0.0075 10.133877266168367
2.0895000000000002e+29 900 0.0075 4.448641767730846
2.0895000000000002e+29 1000 0.0075 3.4249278207269143
2.0895000000000002e+29 1100 0.0075 6.9578963744015825
2.0895000000000002e+29 1200 0.0075 14.612636910163284
2.0895000000000002e+29 1300 0.0075 25.840970243940706
2.0895000000000002e+29 1400 0.0075 39.96690501419744
2.0895000000000002e+29 1500 0.0075 57.48783320812438
2.0895000000000002e+29 1600 0.0075 78.85229586923272
2.0895000000000002e+29 1700 0.0075 104.98575149633646
2.0895000000000002e+29 1800 0.0075 136.46013260881287
2.0895000000000002e+29 1900 0.0075 174.3232753482648
2.0895000000000002e+29 2000 0.0075 220.73547352841456
2.3880000000000004e+29 300 0.0075 66.12512190630319
2.3880000000000004e+29 400 0.0075 58.691228484563545
2.3880000000000004e+29 500 0.0075 48.82053799686412
2.3880000000000004e+29 600 0.0075 37.35143094523095
2.3880000000000004e+29 700 0.0075 25.814176603690072
2.3880000000000004e+29 800 0.0075 15.895110330969278
2.3880000000000004e+29 900 0.0075 8.79603562872306
2.3880000000000004e+29 1000 0.0075 4.9846286754857365
2.3880000000000004e+29 1100 0.0075 4.393185145831496
2.3880000000000004e+29 1200 0.0075 6.612974399835913
2.3880000000000004e+29 1300 0.0075 11.169365608656559
2.3880000000000004e+29 1400 0.0075 17.621189071214786
2.3880000000000004e+29 1500 0.0075 25.819183409474544
2.3880000000000004e+29 1600 0.0075 35.351265261748736
2.3880000000000004e+29 1700 0.0075 46.928507036704545
2.3880000000000004e+29 1800 0.0075 60.900296931319524
2.3880000000000004e+29 1900 0.0075 77.51818476130923
2.3880000000000004e+29 2000 0.0075 97.46718036427905
2.6865e+29 300 0.0075 67.26526433587735
2.6865e+29 400 0.0075 60.695571839294196
2.6865e+29 500 0.0075 51.89943248852572
2.6865e+29 600 0.0075 41.524544539112185
2.6865e+29 700 0.0075 30.815023333703955
2.6865e+29 800 0.0075 21.173132680986317
2.6865e+29 900 0.0075 13.620789120596623
2.6865e+29 1000 0.0075 8.563786186579152
2.6865e+29 1100 0.0075 5.991245083350416
2.6865e+29 1200 0.0075 5.5671192792404725
2.6865e+29 1300 0.0075 6.864202194823501
2.6865e+29 1400 0.0075 9.46710753941519
2.6865e+29 1500 0.0075 13.15938462149523
2.6865e+29 1600 0.0075 17.81265115872973
2.6865e+29 1700 0.0075 23.580703737800647
2.6865e+29 1800 0.0075 30.35973259127009
2.6865e+29 1900 0.0075 38.211679725209635
2.6865e+29 2000 0.0075 47.59572238501481
2.9850000000000003e+29 300 0.0075 68.17353460519274
2.9850000000000003e+29 400 0.0075 62.2972778923616
2.9850000000000003e+29 500 0.0075 54.379359092265176
2.9850000000000003e+29 600 0.0075 44.93765919863088
2.9850000000000003e+29 700 0.0075 35.01591870706591
2.9850000000000003e+29 800 0.0075 25.816827859554646
2.9850000000000003e+29 900 0.0075 18.23749009333122
2.9850000000000003e+29 1000 0.0075 12.649639299930136
2.9850000000000003e+29 1100 0.0075 9.090801112823351
2.9850000000000003e+29 1200 0.0075 7.295109586854662
2.9850000000000003e+29 1300 0.0075 6.892414414433695
2.9850000000000003e+29 1400 0.0075 7.5181348557376335
2.9850000000000003e+29 1500 0.0075 8.9444625339148
2.9850000000000003e+29 1600 0.0075 11.00397161032785
2.9850000000000003e+29 1700 0.0075 13.74983335978813
2.9850000000000003e+29 1800 0.0075 17.203519214686814
2.9850000000000003e+29 1900 0.0075 21.330043013939108
2.9850000000000003e+29 2000 0.0075 26.324187391862225
