# mass(g) temperature(K) clouds reduced_chi_squared
1.194e+28 300 None 102377232.86846663
1.194e+28 400 None 1608307640.2372818
1.194e+28 500 None 1473581060.231224
1.194e+28 600 None 43327506900.34807
1.194e+28 700 None 1395173807.6403668
1.194e+28 800 None 213172903.22614613
1.194e+28 900 None 221763579.43051073
1.194e+28 1000 None 15675051.645577481
1.194e+28 1100 None 2303223.771174998
1.194e+28 1200 None 150290.07674045503
1.194e+28 1300 None 12770.69096390739
1.194e+28 1400 None 2154.8146292317924
1.194e+28 1500 None 2213.494665064426
1.194e+28 1600 None 2212.932907861835
1.194e+28 1700 None 2213.553498424931
1.194e+28 1800 None 2213.747611604832
1.194e+28 1900 None 2213.7476083339493
1.194e+28 2000 None 2213.7476116130497
2.388e+28 300 None 990.8566664658773
2.388e+28 400 None 635.8053400877606
2.388e+28 500 None 388901.3303687259
2.388e+28 600 None 1271016405.1848118
2.388e+28 700 None 9505732448644.93
2.388e+28 800 None 9723016487.483643
2.388e+28 900 None 445628933.01354265
2.388e+28 1000 None 2509132387.7877483
2.388e+28 1100 None 604469215.2093041
2.388e+28 1200 None 1159361509.0464418
2.388e+28 1300 None 45506345.444886155
2.388e+28 1400 None 6273531.189664938
2.388e+28 1500 None 459300.5836846245
2.388e+28 1600 None 15673.692842119626
2.388e+28 1700 None 2137.5364517908615
2.388e+28 1800 None 2213.5704946096753
2.388e+28 1900 None 2213.739466559605
2.388e+28 2000 None 2213.747188791241
3.5820000000000003e+28 300 None 1368.014458534875
3.5820000000000003e+28 400 None 863.6104827243894
3.5820000000000003e+28 500 None 272.138478872425
3.5820000000000003e+28 600 None 1623.8652460847322
3.5820000000000003e+28 700 None 72704.01701828433
3.5820000000000003e+28 800 None 53205372603.14235
3.5820000000000003e+28 900 None 4101070222.7347565
3.5820000000000003e+28 1000 None 32380198020.620117
3.5820000000000003e+28 1100 None 939644242.7011259
3.5820000000000003e+28 1200 None 10282606665.83617
3.5820000000000003e+28 1300 None 6976714329.667629
3.5820000000000003e+28 1400 None 499384305.5683319
3.5820000000000003e+28 1500 None 362931066.9179865
3.5820000000000003e+28 1600 None 59899582.32917576
3.5820000000000003e+28 1700 None 6305304.140450195
3.5820000000000003e+28 1800 None 2310.376414300861
3.5820000000000003e+28 1900 None 29418.236669334445
3.5820000000000003e+28 2000 None 2071.118756038087
4.776e+28 300 None 1566.69759871306
4.776e+28 400 None 1211.7242156382722
4.776e+28 500 None 748.551764349734
4.776e+28 600 None 234.0872880615329
4.776e+28 700 None 232.75832662808722
4.776e+28 800 None 4439.305061570665
4.776e+28 900 None 54579.710740982184
4.776e+28 1000 None 2790923.4331062166
4.776e+28 1100 None 17711259767.655846
4.776e+28 1200 None 6757775646.442247
4.776e+28 1300 None 9204030480.598093
4.776e+28 1400 None 1809539206450.8
4.776e+28 1500 None 770083189.0161158
4.776e+28 1600 None 4728876206.422334
4.776e+28 1700 None 2624.586419926813
4.776e+28 1800 None 97133111.02980974
4.776e+28 1900 None 689493.4149695699
4.776e+28 2000 None 3979788.7356743943
5.970000000000001e+28 300 None 1688.9358529139533
5.970000000000001e+28 400 None 1415.3365112327665
5.970000000000001e+28 500 None 1069.9669368664806
5.970000000000001e+28 600 None 645.7676167059127
5.970000000000001e+28 700 None 221.4339646005218
5.970000000000001e+28 800 None 61.55903821899125
5.970000000000001e+28 900 None 1088.2187467606743
5.970000000000001e+28 1000 None 7551.06719065196
5.970000000000001e+28 1100 None 47871.68284106263
5.970000000000001e+28 1200 None 561432.0885449866
5.970000000000001e+28 1300 None 138654431.21536845
5.970000000000001e+28 1400 None 31485717141.729004
5.970000000000001e+28 1500 None 8263753763.5365715
5.970000000000001e+28 1600 None 46686904936.06963
5.970000000000001e+28 1700 None 16819109644.819725
5.970000000000001e+28 1800 None 1663214677.5445883
5.970000000000001e+28 1900 None 2630814255.7744465
5.970000000000001e+28 2000 None 1083492635.9593608
7.1640000000000006e+28 300 None 1771.96376082932
7.1640000000000006e+28 400 None 1549.0130419065918
7.1640000000000006e+28 500 None 1275.9952231625355
7.1640000000000006e+28 600 None 941.0111839973496
7.1640000000000006e+28 700 None 571.0086789214022
7.1640000000000006e+28 800 None 228.04332928664195
7.1640000000000006e+28 900 None 50.17218335684885
7.1640000000000006e+28 1000 None 389.1110397902515
7.1640000000000006e+28 1100 None 2306.1681388641696
7.1640000000000006e+28 1200 None 9753.813725144379
7.1640000000000006e+28 1300 None 41820.35403854078
7.1640000000000006e+28 1400 None 253001.4747306115
7.1640000000000006e+28 1500 None 4646362.19470729
7.1640000000000006e+28 1600 None 165956286019.01254
7.1640000000000006e+28 1700 None 5548772762.6186905
7.1640000000000006e+28 1800 None 8769206549.538485
7.1640000000000006e+28 1900 None 2976814629.7856617
7.1640000000000006e+28 2000 None 21360028150.595436
8.358e+28 300 None 1832.1352844376931
8.358e+28 400 None 1643.7948582180736
8.358e+28 500 None 1418.4982074352422
8.358e+28 600 None 1145.297805888837
8.358e+28 700 None 839.4755162250023
8.358e+28 800 None 528.1426038931822
8.358e+28 900 None 253.5170437791374
8.358e+28 1000 None 85.46413702305304
8.358e+28 1100 None 182.79979300576474
8.358e+28 1200 None 926.3550183445107
8.358e+28 1300 None 3360.9137853284133
8.358e+28 1400 None 10780.333445105214
8.358e+28 1500 None 35776.93002039888
8.358e+28 1600 None 147477.5224566836
8.358e+28 1700 None 1073152.441299353
8.358e+28 1800 None 46079759.36121239
8.358e+28 1900 None 306491459029.5696
8.358e+28 2000 None 106701119959.20978
9.552e+28 300 None 1877.788097871839
9.552e+28 400 None 1714.6407037839174
9.552e+28 500 None 1522.9812883806148
9.552e+28 600 None 1293.3364867587973
9.552e+28 700 None 1036.890333840399
9.552e+28 800 None 770.7308181634836
9.552e+28 900 None 515.6758193520085
9.552e+28 1000 None 291.1298945942661
9.552e+28 1100 None 138.1561144286814
9.552e+28 1200 None 134.5463591333684
9.552e+28 1300 None 443.11862105251276
9.552e+28 1400 None 1441.753665911999
9.552e+28 1500 None 4055.4250615301426
9.552e+28 1600 None 10842.606167738179
9.552e+28 1700 None 30057.71708671152
9.552e+28 1800 None 96388.308515443
9.552e+28 1900 None 432555.87020211195
9.552e+28 2000 None 4462199.950405401
1.0746000000000001e+29 300 None 1913.6313620342487
1.0746000000000001e+29 400 None 1769.6682124382469
1.0746000000000001e+29 500 None 1602.9462659980811
1.0746000000000001e+29 600 None 1405.2698733229404
1.0746000000000001e+29 700 None 1185.839684517231
1.0746000000000001e+29 800 None 957.6930955263971
1.0746000000000001e+29 900 None 734.7279076289238
1.0746000000000001e+29 1000 None 523.2765599826308
1.0746000000000001e+29 1100 None 338.22443248615446
1.0746000000000001e+29 1200 None 199.6764148453857
1.0746000000000001e+29 1300 None 149.30197516103223
1.0746000000000001e+29 1400 None 267.43394394121714
1.0746000000000001e+29 1500 None 713.9200466056901
1.0746000000000001e+29 1600 None 1830.3544073357286
1.0746000000000001e+29 1700 None 4388.348397425504
1.0746000000000001e+29 1800 None 10300.60293406628
1.0746000000000001e+29 1900 None 24939.734375613036
1.0746000000000001e+29 2000 None 67111.0502641256
1.1940000000000002e+29 300 None 1942.5306441802297
1.1940000000000002e+29 400 None 1813.6776151491745
1.1940000000000002e+29 500 None 1666.167551205288
1.1940000000000002e+29 600 None 1492.8281386332753
1.1940000000000002e+29 700 None 1301.654256516661
1.1940000000000002e+29 800 None 1103.566005257033
1.1940000000000002e+29 900 None 909.5136618200848
1.1940000000000002e+29 1000 None 721.5666315930703
1.1940000000000002e+29 1100 None 546.9436435379336
1.1940000000000002e+29 1200 None 390.9525485855414
1.1940000000000002e+29 1300 None 265.7281926203661
1.1940000000000002e+29 1400 None 193.8912225452829
1.1940000000000002e+29 1500 None 220.6176016292079
1.1940000000000002e+29 1600 None 419.88964854990274
1.1940000000000002e+29 1700 None 942.3481756852915
1.1940000000000002e+29 1800 None 2081.646946273233
1.1940000000000002e+29 1900 None 4441.610861665027
1.1940000000000002e+29 2000 None 9439.370204240628
1.194e+28 300 0.001 101912014.14242363
1.194e+28 400 0.001 1605669430.3933244
1.194e+28 500 0.001 1470110546.4857292
1.194e+28 600 0.001 43302185069.27956
1.194e+28 700 0.001 1389822892.2455146
1.194e+28 800 0.001 210908632.5672076
1.194e+28 900 0.001 219856588.6696934
1.194e+28 1000 0.001 15193775.409563987
1.194e+28 1100 0.001 2292554.4796913723
1.194e+28 1200 0.001 120544.89445340355
1.194e+28 1300 0.001 7895.319602138981
1.194e+28 1400 0.001 2213.7476116130497
1.194e+28 1500 0.001 2213.7476116130497
1.194e+28 1600 0.001 2213.7476116130497
1.194e+28 1700 0.001 2213.7476116130497
1.194e+28 1800 0.001 2213.7476116130497
1.194e+28 1900 0.001 2213.7476116130497
1.194e+28 2000 0.001 2213.7476116130497
2.388e+28 300 0.001 1568.7207060368426
2.388e+28 400 0.001 529.141019505048
2.388e+28 500 0.001 369921.8672997056
2.388e+28 600 0.001 1269692530.764152
2.388e+28 700 0.001 9505578430199.574
2.388e+28 800 0.001 9718229366.855717
2.388e+28 900 0.001 444624419.2754148
2.388e+28 1000 0.001 2506930455.1343136
2.388e+28 1100 0.001 603602760.140734
2.388e+28 1200 0.001 1158956150.1551392
2.388e+28 1300 0.001 45493348.72515521
2.388e+28 1400 0.001 6264490.801362141
2.388e+28 1500 0.001 457579.90121564234
2.388e+28 1600 0.001 15640.01070888507
2.388e+28 1700 0.001 2137.556172043831
2.388e+28 1800 0.001 2213.570525937335
2.388e+28 1900 0.001 2213.7394672533524
2.388e+28 2000 0.001 2213.7471888140863
3.5820000000000003e+28 300 0.001 1912.6843574585405
3.5820000000000003e+28 400 0.001 1445.2369928737285
3.5820000000000003e+28 500 0.001 588.7518713000383
3.5820000000000003e+28 600 0.001 878.7816414368754
3.5820000000000003e+28 700 0.001 66523.13533145221
3.5820000000000003e+28 800 0.001 53199594437.945435
3.5820000000000003e+28 900 0.001 4099495953.593688
3.5820000000000003e+28 1000 0.001 32375579149.81675
3.5820000000000003e+28 1100 0.001 938971794.3652353
3.5820000000000003e+28 1200 0.001 10280681383.772703
3.5820000000000003e+28 1300 0.001 6975591445.278855
3.5820000000000003e+28 1400 0.001 499185588.4392832
3.5820000000000003e+28 1500 0.001 362850564.7683809
3.5820000000000003e+28 1600 0.001 59886721.33646955
3.5820000000000003e+28 1700 0.001 6303588.810203957
3.5820000000000003e+28 1800 0.001 2310.3581849659545
3.5820000000000003e+28 1900 0.001 29413.985718480988
3.5820000000000003e+28 2000 0.001 2071.1179151755987
4.776e+28 300 0.001 2023.4893199193361
4.776e+28 400 0.001 1758.3349545916387
4.776e+28 500 0.001 1272.2300659150822
4.776e+28 600 0.001 563.4528862257947
4.776e+28 700 0.001 87.27294274266983
4.776e+28 800 0.001 3293.094251818992
4.776e+28 900 0.001 50763.85930107946
4.776e+28 1000 0.001 2768098.6243630447
4.776e+28 1100 0.001 17709471770.11843
4.776e+28 1200 0.001 6756817568.302146
4.776e+28 1300 0.001 9203085157.647009
4.776e+28 1400 0.001 1809531094743.6504
4.776e+28 1500 0.001 769949679.2084564
4.776e+28 1600 0.001 4728679748.718455
4.776e+28 1700 0.001 2624.5855004714094
4.776e+28 1800 0.001 97126733.17391244
4.776e+28 1900 0.001 689486.0900467733
4.776e+28 2000 0.001 3979730.4942291644
5.970000000000001e+28 300 0.001 2076.8396501537077
5.970000000000001e+28 400 0.001 1896.7221865075703
5.970000000000001e+28 500 0.001 1576.7318792738567
5.970000000000001e+28 600 0.001 1095.0079148922337
5.970000000000001e+28 700 0.001 506.82657855376976
5.970000000000001e+28 800 0.001 55.10239344099452
5.970000000000001e+28 900 0.001 653.1498913217525
5.970000000000001e+28 1000 0.001 6459.5957366781995
5.970000000000001e+28 1100 0.001 45606.55434640491
5.970000000000001e+28 1200 0.001 555678.668562234
5.970000000000001e+28 1300 0.001 138589096.48303977
5.970000000000001e+28 1400 0.001 31484817236.405087
5.970000000000001e+28 1500 0.001 8263426909.947564
5.970000000000001e+28 1600 0.001 46686329280.43446
5.970000000000001e+28 1700 0.001 16818904383.123053
5.970000000000001e+28 1800 0.001 1663182075.2158813
5.970000000000001e+28 1900 0.001 2630794961.583702
5.970000000000001e+28 2000 0.001 1083488316.9092429
7.1640000000000006e+28 300 0.001 2107.8249342765116
7.1640000000000006e+28 400 0.001 1973.273825554646
7.1640000000000006e+28 500 0.001 1739.35319611819
7.1640000000000006e+28 600 0.001 1389.9856509317449
7.1640000000000006e+28 700 0.001 943.2930657069757
7.1640000000000006e+28 800 0.001 459.5152513455671
7.1640000000000006e+28 900 0.001 85.27063551518721
7.1640000000000006e+28 1000 0.001 189.60943545233616
7.1640000000000006e+28 1100 0.001 1843.173345194426
7.1640000000000006e+28 1200 0.001 8990.02689295415
7.1640000000000006e+28 1300 0.001 40665.328917830826
7.1640000000000006e+28 1400 0.001 251102.91435152144
7.1640000000000006e+28 1500 0.001 4641324.308223625
7.1640000000000006e+28 1600 0.001 165955484075.75116
7.1640000000000006e+28 1700 0.001 5548690246.139609
7.1640000000000006e+28 1800 0.001 8769140755.331425
7.1640000000000006e+28 1900 0.001 2976794112.571428
7.1640000000000006e+28 2000 0.001 21359998882.71896
8.358e+28 300 0.001 2127.9144420453554
8.358e+28 400 0.001 2021.3924557595553
8.358e+28 500 0.001 1838.9298205057603
8.358e+28 600 0.001 1569.0906557685262
8.358e+28 700 0.001 1222.3809593874446
8.358e+28 800 0.001 827.0751599925326
8.358e+28 900 0.001 434.37700235976234
8.358e+28 1000 0.001 128.35073496582797
8.358e+28 1100 0.001 86.91780775569566
8.358e+28 1200 0.001 704.6162765429577
8.358e+28 1300 0.001 3031.4004301180407
8.358e+28 1400 0.001 10363.142268970067
8.358e+28 1500 0.001 35278.924796480074
8.358e+28 1600 0.001 146866.72503458158
8.358e+28 1700 0.001 1072222.9591065675
8.358e+28 1800 0.001 46076500.69899473
8.358e+28 1900 0.001 306491243212.05524
8.358e+28 2000 0.001 106701054487.69058
9.552e+28 300 0.001 2141.921999225746
9.552e+28 400 0.001 2054.2351903986355
9.552e+28 500 0.001 1905.6197581213391
9.552e+28 600 0.001 1687.6401259092913
9.552e+28 700 0.001 1408.2319152841524
9.552e+28 800 0.001 1085.916011721221
9.552e+28 900 0.001 748.5825447147416
9.552e+28 1000 0.001 428.0739992556569
9.552e+28 1100 0.001 178.37054206479792
9.552e+28 1200 0.001 88.58627057169393
9.552e+28 1300 0.001 331.7788917476594
9.552e+28 1400 0.001 1286.85492420017
9.552e+28 1500 0.001 3877.8323716909026
9.552e+28 1600 0.001 10658.628702553486
9.552e+28 1700 0.001 29874.989645188365
9.552e+28 1800 0.001 96208.33520355982
9.552e+28 1900 0.001 432360.1507940425
9.552e+28 2000 0.001 4461901.215641437
1.0746000000000001e+29 300 0.001 2152.2072699856117
1.0746000000000001e+29 400 0.001 2077.9788409725734
1.0746000000000001e+29 500 0.001 1953.1588339752757
1.0746000000000001e+29 600 0.001 1771.2741502726308
1.0746000000000001e+29 700 0.001 1538.9887167671222
1.0746000000000001e+29 800 0.001 1270.5402615373735
1.0746000000000001e+29 900 0.001 985.2315017292738
1.0746000000000001e+29 1000 0.001 700.0312651695176
1.0746000000000001e+29 1100 0.001 439.72631001272543
1.0746000000000001e+29 1200 0.001 233.39455076771355
1.0746000000000001e+29 1300 0.001 129.33089569892928
1.0746000000000001e+29 1400 0.001 211.62245023468958
1.0746000000000001e+29 1500 0.001 638.9235645368217
1.0746000000000001e+29 1600 0.001 1749.947075944004
1.0746000000000001e+29 1700 0.001 4311.279780884197
1.0746000000000001e+29 1800 0.001 10232.839664265673
1.0746000000000001e+29 1900 0.001 24882.785681079135
1.0746000000000001e+29 2000 0.001 67064.15970272332
1.1940000000000002e+29 300 0.001 2160.0573802063086
1.1940000000000002e+29 400 0.001 2095.888901290437
1.1940000000000002e+29 500 0.001 1988.6325738510213
1.1940000000000002e+29 600 0.001 1833.1486492872318
1.1940000000000002e+29 700 0.001 1635.2859013729606
1.1940000000000002e+29 800 0.001 1406.8720375603943
1.1940000000000002e+29 900 0.001 1163.0151982481761
1.1940000000000002e+29 1000 0.001 915.0057120139721
1.1940000000000002e+29 1100 0.001 677.9075536743529
1.1940000000000002e+29 1200 0.001 464.4291907770369
1.1940000000000002e+29 1300 0.001 292.27575068901353
1.1940000000000002e+29 1400 0.001 186.8210767547643
1.1940000000000002e+29 1500 0.001 193.1278695836257
1.1940000000000002e+29 1600 0.001 383.71354584369317
1.1940000000000002e+29 1700 0.001 904.927515883634
1.1940000000000002e+29 1800 0.001 2048.114340267074
1.1940000000000002e+29 1900 0.001 4414.157371924763
1.1940000000000002e+29 2000 0.001 9418.42684001593
1.194e+28 300 0.005 102103035.70894255
1.194e+28 400 0.005 1606988015.1653142
1.194e+28 500 0.005 1472182973.3408005
1.194e+28 600 0.005 43319208784.68334
1.194e+28 700 0.005 1393769464.6428833
1.194e+28 800 0.005 212706659.25860456
1.194e+28 900 0.005 221454837.4803255
1.194e+28 1000 0.005 15621631.74231337
1.194e+28 1100 0.005 2302201.788203918
1.194e+28 1200 0.005 149152.41394977432
1.194e+28 1300 0.005 12682.73689142392
1.194e+28 1400 0.005 2151.7071025421587
1.194e+28 1500 0.005 2213.4947396268794
1.194e+28 1600 0.005 2212.9331365167427
1.194e+28 1700 0.005 2213.553527074348
1.194e+28 1800 0.005 2213.747611604832
1.194e+28 1900 0.005 2213.747608333954
1.194e+28 2000 0.005 2213.7476116130497
2.388e+28 300 0.005 1341.6571315335104
2.388e+28 400 0.005 498.9878016050793
2.388e+28 500 0.005 379346.8302946474
2.388e+28 600 0.005 1270426411.904671
2.388e+28 700 0.005 9505669030607.479
2.388e+28 800 0.005 9721432908.423367
2.388e+28 900 0.005 445356618.0358687
2.388e+28 1000 0.005 2508610645.2093983
2.388e+28 1100 0.005 604302469.0289063
2.388e+28 1200 0.005 1159280245.4503462
2.388e+28 1300 0.005 45503919.63613809
2.388e+28 1400 0.005 6272612.279322412
2.388e+28 1500 0.005 459207.6063578782
2.388e+28 1600 0.005 15672.481860965063
2.388e+28 1700 0.005 2137.536684109267
2.388e+28 1800 0.005 2213.5704947277427
2.388e+28 1900 0.005 2213.7394665599218
2.388e+28 2000 0.005 2213.7471887912443
3.5820000000000003e+28 300 0.005 1737.5032370618578
3.5820000000000003e+28 400 0.005 1201.374138338215
3.5820000000000003e+28 500 0.005 395.385980605997
3.5820000000000003e+28 600 0.005 1192.5197681720092
3.5820000000000003e+28 700 0.005 70046.5304835625
3.5820000000000003e+28 800 0.005 53203239771.02703
3.5820000000000003e+28 900 0.005 4100581203.225662
3.5820000000000003e+28 1000 0.005 32378982948.847893
3.5820000000000003e+28 1100 0.005 939503425.8653815
3.5820000000000003e+28 1200 0.005 10282277970.969156
3.5820000000000003e+28 1300 0.005 6976563959.613655
3.5820000000000003e+28 1400 0.005 499366028.2986124
3.5820000000000003e+28 1500 0.005 362925546.93636245
3.5820000000000003e+28 1600 0.005 59898988.448353074
3.5820000000000003e+28 1700 0.005 6305263.862593978
3.5820000000000003e+28 1800 0.005 2310.3760155850127
3.5820000000000003e+28 1900 0.005 29418.22279575903
3.5820000000000003e+28 2000 0.005 2071.1187542857597
4.776e+28 300 0.005 1890.3279133764042
4.776e+28 400 0.005 1556.7309473907671
4.776e+28 500 0.005 1029.817038666426
4.776e+28 600 0.005 366.8662878808063
4.776e+28 700 0.005 120.60500697602154
4.776e+28 800 0.005 3936.9219515872887
4.776e+28 900 0.005 53263.673015445434
4.776e+28 1000 0.005 2784603.3260050705
4.776e+28 1100 0.005 17710848793.407967
4.776e+28 1200 0.005 6757602049.875336
4.776e+28 1300 0.005 9203900718.664078
4.776e+28 1400 0.005 1809538127360.3445
4.776e+28 1500 0.005 770074419.8499353
4.776e+28 1600 0.005 4728867318.317598
4.776e+28 1700 0.005 2624.5863348759485
4.776e+28 1800 0.005 97133035.82769391
4.776e+28 1900 0.005 689493.3446400434
4.776e+28 2000 0.005 3979788.6152120805
5.970000000000001e+28 300 0.005 1970.7586520214854
5.970000000000001e+28 400 0.005 1731.969087385669
5.970000000000001e+28 500 0.005 1362.53066861015
5.970000000000001e+28 600 0.005 866.7996619528003
5.970000000000001e+28 700 0.005 329.9915499565418
5.970000000000001e+28 800 0.005 27.561795955777935
5.970000000000001e+28 900 0.005 902.3727422935787
5.970000000000001e+28 1000 0.005 7195.135113835013
5.970000000000001e+28 1100 0.005 47294.197742476405
5.970000000000001e+28 1200 0.005 560309.9317873723
5.970000000000001e+28 1300 0.005 138645000.30715096
5.970000000000001e+28 1400 0.005 31485620765.00134
5.970000000000001e+28 1500 0.005 8263730128.15105
5.970000000000001e+28 1600 0.005 46686877455.556
5.970000000000001e+28 1700 0.005 16819103897.76389
5.970000000000001e+28 1800 0.005 1663214223.6993785
5.970000000000001e+28 1900 0.005 2630814129.603066
5.970000000000001e+28 2000 0.005 1083492624.7632508
7.1640000000000006e+28 300 0.005 2020.1378601617705
7.1640000000000006e+28 400 0.005 1835.4742821968314
7.1640000000000006e+28 500 0.005 1554.4345129366864
7.1640000000000006e+28 600 0.005 1177.0694004536656
7.1640000000000006e+28 700 0.005 737.6287655825606
7.1640000000000006e+28 800 0.005 308.7654872632083
7.1640000000000006e+28 900 0.005 43.083751689092836
7.1640000000000006e+28 1000 0.005 307.29615068317617
7.1640000000000006e+28 1100 0.005 2169.843849985755
7.1640000000000006e+28 1200 0.005 9583.217695576452
7.1640000000000006e+28 1300 0.005 41630.41481902421
7.1640000000000006e+28 1400 0.005 252780.4433222126
7.1640000000000006e+28 1500 0.005 4645971.000386409
7.1640000000000006e+28 1600 0.005 165956244788.5683
7.1640000000000006e+28 1700 0.005 5548770272.172487
7.1640000000000006e+28 1800 0.005 8769205490.460396
7.1640000000000006e+28 1900 0.005 2976814474.1558433
7.1640000000000006e+28 2000 0.005 21360028057.194576
8.358e+28 300 0.005 2053.416198161957
8.358e+28 400 0.005 1903.5292885732904
8.358e+28 500 0.005 1678.0372961852843
8.358e+28 600 0.005 1377.0314809497813
8.358e+28 700 0.005 1022.0546902431803
8.358e+28 800 0.005 648.7830102936775
8.358e+28 900 0.005 310.05493153420326
8.358e+28 1000 0.005 86.81505036385656
8.358e+28 1100 0.005 145.63085356412387
8.358e+28 1200 0.005 869.3076549531087
8.358e+28 1300 0.005 3299.9267232019993
8.358e+28 1400 0.005 10725.448336490326
8.358e+28 1500 0.005 35732.84130277994
8.358e+28 1600 0.005 147442.97286161865
8.358e+28 1700 0.005 1073121.0754258719
8.358e+28 1800 0.005 46079700.32231675
8.358e+28 1900 0.005 306491457047.13745
8.358e+28 2000 0.005 106701119703.80058
9.552e+28 300 0.005 2077.2995662007534
9.552e+28 400 0.005 1951.548671097834
9.552e+28 500 0.005 1763.9205935104742
9.552e+28 600 0.005 1514.9230223631453
9.552e+28 700 0.005 1220.9745893822246
9.552e+28 800 0.005 906.0721532617063
9.552e+28 900 0.005 598.9977248028442
9.552e+28 1000 0.005 328.81979289862767
9.552e+28 1100 0.005 141.81093521702473
9.552e+28 1200 0.005 117.96676955641364
9.552e+28 1300 0.005 419.23688715757953
9.552e+28 1400 0.005 1418.9062590562273
9.552e+28 1500 0.005 4037.8404424565406
9.552e+28 1600 0.005 10830.881004307537
9.552e+28 1700 0.005 30050.664062093896
9.552e+28 1800 0.005 96384.510647165
9.552e+28 1900 0.005 432553.81094559515
9.552e+28 2000 0.005 4462198.57395874
1.0746000000000001e+29 300 0.005 2095.2367873136477
1.0746000000000001e+29 400 0.005 1987.1701324097473
1.0746000000000001e+29 500 0.005 1826.8995545531643
1.0746000000000001e+29 600 0.005 1615.2494054974513
1.0746000000000001e+29 700 0.005 1365.8321303408966
1.0746000000000001e+29 800 0.005 1097.38331699078
1.0746000000000001e+29 900 0.005 830.0072908615122
1.0746000000000001e+29 1000 0.005 578.6432417413071
1.0746000000000001e+29 1100 0.005 362.3005377934291
1.0746000000000001e+29 1200 0.005 203.23897756000048
1.0746000000000001e+29 1300 0.005 142.48853857896486
1.0746000000000001e+29 1400 0.005 257.8074846236827
1.0746000000000001e+29 1500 0.005 705.5943363081848
1.0746000000000001e+29 1600 0.005 1824.643354846466
1.0746000000000001e+29 1700 0.005 4385.0110455267495
1.0746000000000001e+29 1800 0.005 10298.973348408876
1.0746000000000001e+29 1900 0.005 24939.036115681833
1.0746000000000001e+29 2000 0.005 67110.78991586197
1.1940000000000002e+29 300 0.005 2109.179559215834
1.1940000000000002e+29 400 0.005 2014.6011847582542
1.1940000000000002e+29 500 0.005 1874.9702705296531
1.1940000000000002e+29 600 0.005 1691.3056313461857
1.1940000000000002e+29 700 0.005 1475.3721210765455
1.1940000000000002e+29 800 0.005 1242.8955284395458
1.1940000000000002e+29 900 0.005 1009.819068098242
1.1940000000000002e+29 1000 0.005 786.0079949716132
1.1940000000000002e+29 1100 0.005 582.1197947591057
1.1940000000000002e+29 1200 0.005 405.6165412054702
1.1940000000000002e+29 1300 0.005 268.426534831493
1.1940000000000002e+29 1400 0.005 191.3710743331455
1.1940000000000002e+29 1500 0.005 216.98295232247605
1.1940000000000002e+29 1600 0.005 416.9911851616715
1.1940000000000002e+29 1700 0.005 940.5386283947378
1.1940000000000002e+29 1800 0.005 2080.7404803762693
1.1940000000000002e+29 1900 0.005 4441.226504411771
1.1940000000000002e+29 2000 0.005 9439.23384620984
1.194e+28 300 0.0025 102026097.20175421
1.194e+28 400 0.0025 1606498568.7491555
1.194e+28 500 0.0025 1471478189.1842113
1.194e+28 600 0.0025 43313997627.68991
1.194e+28 700 0.0025 1392685909.1793795
1.194e+28 800 0.0025 212272264.00825226
1.194e+28 900 0.0025 221119828.40820011
1.194e+28 1000 0.0025 15548552.196780482
1.194e+28 1100 0.0025 2300811.8952369294
1.194e+28 1200 0.0025 146574.40462235137
1.194e+28 1300 0.0025 12421.739343368174
1.194e+28 1400 0.0025 2138.958876924391
1.194e+28 1500 0.0025 2213.4952029049005
1.194e+28 1600 0.0025 2212.9364981115464
1.194e+28 1700 0.0025 2213.555169751468
1.194e+28 1800 0.0025 2213.7476116048406
1.194e+28 1900 0.0025 2213.747608355654
1.194e+28 2000 0.0025 2213.7476116130497
2.388e+28 300 0.0025 1438.1589273552431
2.388e+28 400 0.0025 505.05222269264533
2.388e+28 500 0.0025 375695.9343490978
2.388e+28 600 0.0025 1270156710.2487087
2.388e+28 700 0.0025 9505636437881.469
2.388e+28 800 0.0025 9720375699.699581
2.388e+28 900 0.0025 445132203.7899991
2.388e+28 1000 0.0025 2508121004.1265388
2.388e+28 1100 0.0025 604113822.0167518
2.388e+28 1200 0.0025 1159191613.2817352
2.388e+28 1300 0.0025 45501133.89655985
2.388e+28 1400 0.0025 6270899.220076026
2.388e+28 1500 0.0025 458942.7392305432
2.388e+28 1600 0.0025 15667.99828622978
2.388e+28 1700 0.0025 2137.538362688391
2.388e+28 1800 0.0025 2213.5704963050775
2.388e+28 1900 0.0025 2213.739466571572
2.388e+28 2000 0.0025 2213.7471887913393
3.5820000000000003e+28 300 0.0025 1815.982546812499
3.5820000000000003e+28 400 0.0025 1305.7325864330992
3.5820000000000003e+28 500 0.0025 470.50403355950647
3.5820000000000003e+28 600 0.0025 1060.7139714748396
3.5820000000000003e+28 700 0.0025 68733.1322890595
3.5820000000000003e+28 800 0.0025 53201958620.41494
3.5820000000000003e+28 900 0.0025 4100220773.2046466
3.5820000000000003e+28 1000 0.0025 32377914980.92713
3.5820000000000003e+28 1100 0.0025 939349422.1744878
3.5820000000000003e+28 1200 0.0025 10281846181.752695
3.5820000000000003e+28 1300 0.0025 6976322112.642882
3.5820000000000003e+28 1400 0.0025 499327115.8730497
3.5820000000000003e+28 1500 0.0025 362910953.31981564
3.5820000000000003e+28 1600 0.0025 59896925.61493776
3.5820000000000003e+28 1700 0.0025 6305047.939134266
3.5820000000000003e+28 1800 0.0025 2310.3735641282187
3.5820000000000003e+28 1900 0.0025 29417.97651792569
3.5820000000000003e+28 2000 0.0025 2071.118714500059
4.776e+28 300 0.0025 1951.337846310787
4.776e+28 400 0.0025 1645.859697823494
4.776e+28 500 0.0025 1131.001665126546
4.776e+28 600 0.0025 441.8358206792875
4.776e+28 700 0.0025 99.86854072042097
4.776e+28 800 0.0025 3689.989449859542
4.776e+28 900 0.0025 52383.44781572102
4.776e+28 1000 0.0025 2779226.9568088055
4.776e+28 1100 0.0025 17710428747.085957
4.776e+28 1200 0.0025 6757381516.204736
4.776e+28 1300 0.0025 9203692992.53761
4.776e+28 1400 0.0025 1809536298809.828
4.776e+28 1500 0.0025 770050369.8250616
4.776e+28 1600 0.0025 4728835785.825767
4.776e+28 1700 0.0025 2624.586139152581
4.776e+28 1800 0.0025 97132410.01679249
4.776e+28 1900 0.0025 689492.5930108649
4.776e+28 2000 0.0025 3979785.6425370234
5.970000000000001e+28 300 0.0025 2020.0118274241277
5.970000000000001e+28 400 0.0025 1806.1185593441694
5.970000000000001e+28 500 0.0025 1454.3224443008546
5.970000000000001e+28 600 0.0025 958.7568550130464
5.970000000000001e+28 700 0.0025 395.3976320919782
5.970000000000001e+28 800 0.0025 31.292322389105003
5.970000000000001e+28 900 0.0025 805.2289841796169
5.970000000000001e+28 1000 0.0025 6937.129097569397
5.970000000000001e+28 1100 0.0025 46751.5927927523
5.970000000000001e+28 1200 0.0025 558954.6076282208
5.970000000000001e+28 1300 0.0025 138630321.336682
5.970000000000001e+28 1400 0.0025 31485431620.24069
5.970000000000001e+28 1500 0.0025 8263668667.518906
5.970000000000001e+28 1600 0.0025 46686782836.94722
5.970000000000001e+28 1700 0.0025 16819075841.054796
5.970000000000001e+28 1800 0.0025 1663210812.8973615
5.970000000000001e+28 1900 0.0025 2630812614.4907794
5.970000000000001e+28 2000 0.0025 1083492386.866894
7.1640000000000006e+28 300 0.0025 2061.221605103402
7.1640000000000006e+28 400 0.0025 1898.2270817124274
7.1640000000000006e+28 500 0.0025 1634.9553241764804
7.1640000000000006e+28 600 0.0025 1264.9657876807746
7.1640000000000006e+28 700 0.0025 817.5515279754052
7.1640000000000006e+28 800 0.0025 362.7415578591395
7.1640000000000006e+28 900 0.0025 53.31785964031071
7.1640000000000006e+28 1000 0.0025 260.4466859644829
7.1640000000000006e+28 1100 0.0025 2057.3848503613385
7.1640000000000006e+28 1200 0.0025 9398.326815627832
7.1640000000000006e+28 1300 0.0025 41361.05157552204
7.1640000000000006e+28 1400 0.0025 252368.62996324047
7.1640000000000006e+28 1500 0.0025 4644994.509881836
7.1640000000000006e+28 1600 0.0025 165956108683.64142
7.1640000000000006e+28 1700 0.0025 5548758655.104796
7.1640000000000006e+28 1800 0.0025 8769198183.862087
7.1640000000000006e+28 1900 0.0025 2976812787.2886486
7.1640000000000006e+28 2000 0.0025 21360026327.981064
8.358e+28 300 0.0025 2088.5561676120988
8.358e+28 400 0.0025 1957.6630650965528
8.358e+28 500 0.0025 1748.8829727647708
8.358e+28 600 0.0025 1457.549551403047
8.358e+28 700 0.0025 1101.7429434350659
8.358e+28 800 0.0025 715.6933829819624
8.358e+28 900 0.0025 352.95941206026015
8.358e+28 1000 0.0025 97.44830854756435
8.358e+28 1100 0.0025 121.75859527556693
8.358e+28 1200 0.0025 814.2314016824456
8.358e+28 1300 0.0025 3220.5735938417342
8.358e+28 1400 0.0025 10631.213481068886
8.358e+28 1500 0.0025 35631.273056890765
8.358e+28 1600 0.0025 147334.91310735786
8.358e+28 1700 0.0025 1072983.5962569127
8.358e+28 1800 0.0025 46079319.947636366
8.358e+28 1900 0.0025 306491437733.40247
8.358e+28 2000 0.0025 106701115521.27469
9.552e+28 300 0.0025 2107.942512011732
9.552e+28 400 0.0025 1999.0229783638533
9.552e+28 500 0.0025 1826.8415336739458
9.552e+28 600 0.0025 1588.1409509565083
9.552e+28 700 0.0025 1296.606960540779
9.552e+28 800 0.0025 975.1452283179732
9.552e+28 900 0.0025 653.0571249621346
9.552e+28 1000 0.0025 361.61038093916756
9.552e+28 1100 0.0025 151.10704077347768
9.552e+28 1200 0.0025 105.70094011596454
9.552e+28 1300 0.0025 391.35396426434596
9.552e+28 1400 0.0025 1382.5838217902044
9.552e+28 1500 0.0025 4000.0510850331034
9.552e+28 1600 0.0025 10796.6607614414
9.552e+28 1700 0.0025 30021.970063192337
9.552e+28 1800 0.0025 96361.96578943946
9.552e+28 1900 0.0025 432535.2680434477
9.552e+28 2000 0.0025 4462178.142493535
1.0746000000000001e+29 300 0.0025 2122.367991888513
1.0746000000000001e+29 400 0.0025 2029.3756456489239
1.0746000000000001e+29 500 0.0025 1883.338249351191
1.0746000000000001e+29 600 0.0025 1681.9588329663618
1.0746000000000001e+29 700 0.0025 1436.5539806873787
1.0746000000000001e+29 800 0.0025 1164.911570447939
1.0746000000000001e+29 900 0.0025 887.432753495599
1.0746000000000001e+29 1000 0.0025 620.6525117561171
1.0746000000000001e+29 1100 0.0025 386.594328721109
1.0746000000000001e+29 1200 0.0025 210.67709823229242
1.0746000000000001e+29 1300 0.0025 136.64140811467217
1.0746000000000001e+29 1400 0.0025 243.98907445705652
1.0746000000000001e+29 1500 0.0025 688.9186954658848
1.0746000000000001e+29 1600 0.0025 1808.992040577913
1.0746000000000001e+29 1700 0.0025 4372.281623765187
1.0746000000000001e+29 1800 0.0025 10289.961089847966
1.0746000000000001e+29 1900 0.0025 24933.242911594087
1.0746000000000001e+29 2000 0.0025 67107.29787029159
1.1940000000000002e+29 300 0.0025 2133.4972997289424
1.1940000000000002e+29 400 0.0025 2052.5478395284968
1.1940000000000002e+29 500 0.0025 1926.0552231867894
1.1940000000000002e+29 600 0.0025 1752.3692584765886
1.1940000000000002e+29 700 0.0025 1541.256190617376
1.1940000000000002e+29 800 0.0025 1307.57027080408
1.1940000000000002e+29 900 0.0025 1067.3851441241077
1.1940000000000002e+29 1000 0.0025 831.7394984916228
1.1940000000000002e+29 1100 0.0025 613.6219926360494
1.1940000000000002e+29 1200 0.0025 423.00347782218097
1.1940000000000002e+29 1300 0.0025 274.02913037450804
1.1940000000000002e+29 1400 0.0025 188.92041414308395
1.1940000000000002e+29 1500 0.0025 210.4059434026713
1.1940000000000002e+29 1600 0.0025 409.5737070557
1.1940000000000002e+29 1700 0.0025 934.0478958018685
1.1940000000000002e+29 1800 0.0025 2076.035636057612
1.1940000000000002e+29 1900 0.0025 4438.256560336406
1.1940000000000002e+29 2000 0.0025 9437.55625067261
1.194e+28 300 0.0075 102150629.58200862
1.194e+28 400 0.0075 1607265531.7940266
1.194e+28 500 0.0075 1472544434.6731362
1.194e+28 600 0.0075 43321653766.9971
1.194e+28 700 0.0075 1394235935.483903
1.194e+28 800 0.0075 212877828.05221865
1.194e+28 900 0.0075 221576833.069153
1.194e+28 1000 0.0075 15645194.15517364
1.194e+28 1100 0.0075 2302637.0305026006
1.194e+28 1200 0.0075 149766.8610593645
1.194e+28 1300 0.0075 12734.662192683698
1.194e+28 1400 0.0075 2153.7265011578093
1.194e+28 1500 0.0075 2213.494685434362
1.194e+28 1600 0.0075 2212.932948761095
1.194e+28 1700 0.0075 2213.5535012626
1.194e+28 1800 0.0075 2213.747611604832
1.194e+28 1900 0.0075 2213.7476083339493
1.194e+28 2000 0.0075 2213.7476116130497
2.388e+28 300 0.0075 1280.1769110255414
2.388e+28 400 0.0075 502.0128994323661
2.388e+28 500 0.0075 381459.1394989593
2.388e+28 600 0.0075 1270573592.5582254
2.388e+28 700 0.0075 9505686352250.65
2.388e+28 800 0.0075 9721941591.620783
2.388e+28 900 0.0075 445456124.13288015
2.388e+28 1000 0.0075 2508817037.2997518
2.388e+28 1100 0.0075 604375577.4721085
2.388e+28 1200 0.0075 1159315651.5016303
2.388e+28 1300 0.0075 45505009.161373176
2.388e+28 1400 0.0075 6273128.807422462
2.388e+28 1500 0.0075 459268.8501924661
2.388e+28 1600 0.0075 15673.345541991976
2.388e+28 1700 0.0075 2137.5364956582844
2.388e+28 1800 0.0075 2213.5704946212736
2.388e+28 1900 0.0075 2213.7394665596103
2.388e+28 2000 0.0075 2213.747188791241
3.5820000000000003e+28 300 0.0075 1684.192645768414
3.5820000000000003e+28 400 0.0075 1135.0530850499933
3.5820000000000003e+28 500 0.0075 354.51227508114954
3.5820000000000003e+28 600 0.0075 1275.9017059650969
3.5820000000000003e+28 700 0.0075 70759.07478329827
3.5820000000000003e+28 800 0.0075 53203889782.750534
3.5820000000000003e+28 900 0.0075 4100751467.9013867
3.5820000000000003e+28 1000 0.0075 32379453502.449116
3.5820000000000003e+28 1100 0.0075 939565045.5457734
3.5820000000000003e+28 1200 0.0075 10282436221.580338
3.5820000000000003e+28 1300 0.0075 6976643826.275198
3.5820000000000003e+28 1400 0.0075 499376924.1151967
3.5820000000000003e+28 1500 0.0075 362929135.1196935
3.5820000000000003e+28 1600 0.0075 59899408.964243785
3.5820000000000003e+28 1700 0.0075 6305295.466353525
3.5820000000000003e+28 1800 0.0075 2310.376354482809
3.5820000000000003e+28 1900 0.0075 29418.235602226396
3.5820000000000003e+28 2000 0.0075 2071.1187559893374
4.776e+28 300 0.0075 1847.7078881150387
4.776e+28 400 0.0075 1497.5193904985906
4.776e+28 500 0.0075 967.8885807160351
4.776e+28 600 0.0075 326.39797045982556
4.776e+28 700 0.0075 137.95620536498433
4.776e+28 800 0.0075 4073.6589860721488
4.776e+28 900 0.0075 53700.88764696709
4.776e+28 1000 0.0075 2787030.337067813
4.776e+28 1100 0.0075 17711024144.312042
4.776e+28 1200 0.0075 6757684980.624886
4.776e+28 1300 0.0075 9203969807.93516
4.776e+28 1400 0.0075 1809538728474.8179
4.776e+28 1500 0.0075 770080161.8641387
4.776e+28 1600 0.0075 4728873617.931398
4.776e+28 1700 0.0075 2624.586390313613
4.776e+28 1800 0.0075 97133100.18161236
4.776e+28 1900 0.0075 689493.4074063579
4.776e+28 2000 0.0075 3979788.7310819943
5.970000000000001e+28 300 0.0075 1935.768966205046
5.970000000000001e+28 400 0.0075 1681.5042237424077
5.970000000000001e+28 500 0.0075 1304.2073200637353
5.970000000000001e+28 600 0.0075 812.9393888331762
5.970000000000001e+28 700 0.0075 295.7576874003932
5.970000000000001e+28 800 0.0075 30.012564933454097
5.970000000000001e+28 900 0.0075 956.5007279264859
5.970000000000001e+28 1000 0.0075 7321.174514866657
5.970000000000001e+28 1100 0.0075 47531.66729968796
5.970000000000001e+28 1200 0.0075 560836.4091667337
5.970000000000001e+28 1300 0.0075 138649984.19218016
5.970000000000001e+28 1400 0.0075 31485677031.82667
5.970000000000001e+28 1500 0.0075 8263745390.697133
5.970000000000001e+28 1600 0.0075 46686896768.555534
5.970000000000001e+28 1700 0.0075 16819108319.784134
5.970000000000001e+28 1800 0.0075 1663214605.7244835
5.970000000000001e+28 1900 0.0075 2630814242.9227095
5.970000000000001e+28 2000 0.0075 1083492635.426198
7.1640000000000006e+28 300 0.0075 1990.6147859046994
7.1640000000000006e+28 400 0.0075 1792.0815294525703
7.1640000000000006e+28 500 0.0075 1502.1207865629833
7.1640000000000006e+28 600 0.0075 1123.8647418132682
7.1640000000000006e+28 700 0.0075 692.8266223581296
7.1640000000000006e+28 800 0.0075 281.6319173002334
7.1640000000000006e+28 900 0.0075 40.95086816462517
7.1640000000000006e+28 1000 0.0075 333.1394219505351
7.1640000000000006e+28 1100 0.0075 2222.559192280067
7.1640000000000006e+28 1200 0.0075 9659.700117669568
7.1640000000000006e+28 1300 0.0075 41727.376524607054
7.1640000000000006e+28 1400 0.0075 252907.3790525821
7.1640000000000006e+28 1500 0.0075 4646220.764620419
7.1640000000000006e+28 1600 0.0075 165956273470.739
7.1640000000000006e+28 1700 0.0075 5548772168.492635
7.1640000000000006e+28 1800 0.0075 8769206369.065216
7.1640000000000006e+28 1900 0.0075 2976814612.2556825
7.1640000000000006e+28 2000 0.0075 21360028145.30613
8.358e+28 300 0.0075 2027.9494240746078
8.358e+28 400 0.0075 1865.6649079036074
8.358e+28 500 0.0075 1631.295695024992
8.358e+28 600 0.0075 1327.2810045882127
8.358e+28 700 0.0075 976.0045295799546
8.358e+28 800 0.0075 612.9612136152138
8.358e+28 900 0.0075 289.49595425690137
8.358e+28 1000 0.0075 83.79825527696283
8.358e+28 1100 0.0075 158.52944932165676
8.358e+28 1200 0.0075 893.6647582986984
8.358e+28 1300 0.0075 3330.0280791226824
8.358e+28 1400 0.0075 10756.124531891262
8.358e+28 1500 0.0075 35760.355836325805
8.358e+28 1600 0.0075 147466.70110996213
8.358e+28 1700 0.0075 1073144.6692417108
8.358e+28 1800 0.0075 46079748.716249004
8.358e+28 1900 0.0075 306491458784.8616
8.358e+28 2000 0.0075 106701119942.54086
9.552e+28 300 0.0075 2054.9451099071925
9.552e+28 400 0.0075 1918.050233384622
9.552e+28 500 0.0075 1721.9283015802037
9.552e+28 600 0.0075 1469.0140457722398
9.552e+28 700 0.0075 1176.4083496599144
9.552e+28 800 0.0075 867.9868676922067
9.552e+28 900 0.0075 571.4964203576784
9.552e+28 1000 0.0075 313.9788589479003
9.552e+28 1100 0.0075 139.00397504078774
9.552e+28 1200 0.0075 124.3664950441489
9.552e+28 1300 0.0075 430.5736377150716
9.552e+28 1400 0.0075 1431.3507140116708
9.552e+28 1500 0.0075 4048.5928596603558
9.552e+28 1600 0.0075 10838.799289863478
9.552e+28 1700 0.0075 30055.89302766238
9.552e+28 1800 0.0075 96387.58278371672
9.552e+28 1900 0.0075 432555.59756794473
9.552e+28 2000 0.0075 4462199.849674494
1.0746000000000001e+29 300 0.0075 2075.338759356843
1.0746000000000001e+29 400 0.0075 1957.1812564541979
1.0746000000000001e+29 500 0.0075 1788.8934824515372
1.0746000000000001e+29 600 0.0075 1572.9486829787472
1.0746000000000001e+29 700 0.0075 1323.5638574227341
1.0746000000000001e+29 800 0.0075 1059.4272525168813
1.0746000000000001e+29 900 0.0075 799.9315681879374
1.0746000000000001e+29 1000 0.0075 558.488531348915
1.0746000000000001e+29 1100 0.0075 352.0075211847995
1.0746000000000001e+29 1200 0.0075 200.9931712546182
1.0746000000000001e+29 1300 0.0075 145.4165868026205
1.0746000000000001e+29 1400 0.0075 262.88076760318205
1.0746000000000001e+29 1500 0.0075 710.5810270770966
1.0746000000000001e+29 1600 0.0075 1828.4396452478622
1.0746000000000001e+29 1700 0.0075 4387.452939713105
1.0746000000000001e+29 1800 0.0075 10300.275815382844
1.0746000000000001e+29 1900 0.0075 24939.63561570926
1.0746000000000001e+29 2000 0.0075 67111.02912487289
1.1940000000000002e+29 300 0.0075 2091.2661799826096
1.1940000000000002e+29 400 0.0075 1987.4840556127026
1.1940000000000002e+29 500 0.0075 1840.318150646717
1.1940000000000002e+29 600 0.0075 1652.2355030222159
1.1940000000000002e+29 700 0.0075 1435.5580790891797
1.1940000000000002e+29 800 0.0075 1206.0231346940589
1.1940000000000002e+29 900 0.0075 979.083833021262
1.1940000000000002e+29 1000 0.0075 763.41975280391
1.1940000000000002e+29 1100 0.0075 567.992377706486
1.1940000000000002e+29 1200 0.0075 398.7912039093149
1.1940000000000002e+29 1300 0.0075 266.7974443980089
1.1940000000000002e+29 1400 0.0075 192.56842852115355
1.1940000000000002e+29 1500 0.0075 219.09956320495016
1.1940000000000002e+29 1600 0.0075 418.8850775233202
1.1940000000000002e+29 1700 0.0075 941.845802590728
1.1940000000000002e+29 1800 0.0075 2081.456989249584
1.1940000000000002e+29 1900 0.0075 4441.553345507506
1.1940000000000002e+29 2000 0.0075 9439.358118700566
