2.876964294516957 0.013514867713603884 0.004157177722816468 2.9082914425941187e-05 
2.890479162230561 0.013513753764420322 0.00414819009514078 2.8128895363720227e-05 
2.9039918020457973 0.013511561540654249 0.004215251003309146 2.7404412095063413e-05 
2.9175022853118695 0.013509439634317388 0.004083348746744144 2.6638220733465134e-05 
2.931010681314433 0.013507285035559313 0.0041305993224852 2.682726309904146e-05 
2.944516855382988 0.01350502806298337 0.004124236521331056 2.594635931175956e-05 
2.958020737440399 0.01350271075716769 0.00413926354643949 2.560039534619208e-05 
2.9715222768973235 0.013500416297764772 0.00411068570208937 2.5354552585727167e-05 
2.985021570035929 0.013498179134803223 0.004079429395602275 2.5211752070595287e-05 
2.9985186351669304 0.013495881701553358 0.004087439191754321 2.541281365563316e-05 
3.0120133334390347 0.013493554716403011 0.004099371146529989 2.5204958625032803e-05 
3.0255057445997373 0.013491224787812062 0.004043595938612671 2.5271820720064124e-05 
3.0389957830146583 0.013488887570670904 0.004137217565327471 2.5556730086493296e-05 
3.052483519741079 0.013486539831471411 0.00404262085181386 2.5631145346463613e-05 
3.065968862677601 0.013484144317038815 0.004005670123040367 2.586032548462405e-05 
3.079451808375157 0.013481741711485196 0.004002671334915489 2.6251988681524857e-05 
3.092932346100571 0.013479321499677344 0.004046135837916177 2.6615134151912945e-05 
3.1064104513745114 0.013476889923217605 0.004016480465113369 2.6594457471791324e-05 
3.119886125947007 0.013474460308411373 0.003944181137063233 2.6537230096079512e-05 
3.133359371991334 0.013472003979390745 0.004032794341579252 2.630405960790675e-05 
3.1468301339057883 0.01346950861726226 0.00403767899764338 2.6161572256178752e-05 
3.1602983892258587 0.013467015327864207 0.0040048976999050405 2.5986507583941903e-05 
3.1737641645615167 0.013464514944796058 0.003975923766119961 2.580092088673275e-05 
3.187227419115451 0.01346198671050347 0.003953378354935796 2.5545464282800106e-05 
3.200688137982523 0.013459476667327941 0.003994325511285561 2.537487409561117e-05 
3.2141463724501067 0.013456950218456942 0.003940444176923147 2.563673240819525e-05 
3.2276020384194375 0.01345437527960991 0.003952309352890411 2.5813003741076444e-05 
3.241055123009326 0.013451791084678533 0.003881787910633464 2.543543170748343e-05 
3.2545056205887946 0.01344917970410453 0.003955487378374641 2.5367741904246794e-05 
3.2679534824175356 0.013446544726618104 0.003967176597481288 2.54401142883353e-05 
3.2813987100420308 0.01344390395488837 0.003876471517854869 2.5514384324297386e-05 
3.2948412903273123 0.013441272107783231 0.004019599308780822 2.5621541695727514e-05 
3.3082812542575972 0.013438640042872319 0.003946878886485811 2.570779210581018e-05 
3.321718570413057 0.01343592549275563 0.003917615295214559 2.5969220601812955e-05 
3.3351531052431085 0.01343318029909879 0.003930767091755879 2.5913621009466328e-05 
3.348584931011254 0.013430492766103086 0.003945072914117561 2.596996842263433e-05 
3.3620140907753147 0.013427775461328118 0.003978882135462099 2.6132422514384363e-05 
3.3754404819339108 0.01342497570276624 0.0038682255515406325 2.62697083310849e-05 
3.3888640421808467 0.01342225705255462 0.0038896980019286816 2.6317451472147613e-05 
3.402284996039021 0.013419513738484934 0.003918641323746361 2.644959154741359e-05 
3.415703069657816 0.01341668439106991 0.003937756682496759 2.6857446287675168e-05 
3.4291183648211607 0.013413896365624733 0.003921775440004282 2.6627326038293058e-05 
3.4425308623890656 0.013411090178841345 0.0038953173627754947 2.6765191862830682e-05 
3.455940545178843 0.0134082252727179 0.003918172017572077 2.68429799083011e-05 
3.4693473129345014 0.013405359885258594 0.0039245968363581605 2.6952415630763885e-05 
3.4827512649493606 0.013402519303891136 0.003877580156379446 2.70064762540845e-05 
3.496152351542284 0.013399618589619244 0.003874100562572759 2.7143161172067633e-05 
3.509550502128598 0.013396670634492125 0.003838517913557927 2.7312586649915894e-05 
3.5229456928112683 0.013393723906029109 0.003880656550332048 2.7552426855549808e-05 
3.536337949940657 0.013390848654349696 0.0038800232688258733 2.7767354103256385e-05 
3.549727390119968 0.01338792548931167 0.0038420722377619184 2.768013832241574e-05 
3.56311380091928 0.01338492137989844 0.003828277711851548 2.7804427914134763e-05 
3.5764972328797646 0.013381968553412005 0.003850008391282049 2.80187278916098e-05 
3.5898777380261038 0.01337900331554387 0.003832820716011459 2.8145530623118218e-05 
3.6032552395108532 0.013375947890668982 0.0038196798663453655 2.826306193374083e-05 
3.6166296338074417 0.013372841343030739 0.003824671273850312 2.8447059233439128e-05 
3.6300009221969143 0.013369772738529573 0.0037295277977682857 2.876305482028724e-05 
3.643369179284501 0.0133667342139967 0.003777737840164141 2.8846770798247123e-05 
3.6567343906249072 0.013363681237259506 0.0037911659848983877 2.888724400208014e-05 
3.67009654175902 0.013360553357553151 0.0038320325801373288 2.898683203550525e-05 
3.6834554973400144 0.013357407930513432 0.0038207416604152987 2.917657285052066e-05 
3.696811357620046 0.013354303269612622 0.0038177888349548343 2.9538669380372418e-05 
3.71016410387924 0.05160645463524283 0.003772297466171623 2.9455724792001903e-05 
3.8000242668905315 0.06434411194420786 0.0038542533798213 0.00020591017308061805 
3.8388523277676563 0.02607306421742761 0.003735719869626776 3.094542722193221e-05 
3.8521703953253863 0.0133163989682199 0.0037771498329044 3.128181006834445e-05 
3.865485125704096 0.013313040706378398 0.0037168892400087144 3.174563760996885e-05 
3.878796476738143 0.013309635872054582 0.003760343794105744 3.1584166199635585e-05 
3.8921043974482052 0.013306204343912942 0.0037845704067615694 3.183491306769938e-05 
3.905408885425969 0.01330273048453634 0.003735798843375441 3.197170295161379e-05 
3.9187098584172775 0.013299285270822025 0.0037256917488362584 3.2108335854943565e-05 
3.9320074559676135 0.013295870796074194 0.003743581336420021 3.2312494842437844e-05 
3.945301600009426 0.013292381492282068 0.003795476458357227 3.2618039435002395e-05 
3.9585922189521776 0.013288924558560122 0.003817583942930978 3.2860607194435296e-05 
3.9718794491265457 0.013285535702484808 0.003852089498891642 3.2973128973136415e-05 
3.9851632903571477 0.013281944564938364 0.003810713363842561 3.323310304521743e-05 
3.998443338256422 0.013278279279481886 0.003870692348605962 3.358724126811973e-05 
4.011719848916112 0.013274762536788387 0.003858651465066137 3.379420443160835e-05 
4.024992863329999 0.013271151234505396 0.003926909638302035 3.398429179153147e-05 
4.038262151385122 0.013267432373361032 0.003912073064669065 3.4218828327131505e-05 
4.051527728076723 0.013263815913457933 0.003912462877215845 3.445804466211013e-05 
4.064789783212038 0.013260147936907885 0.0038191757216442792 3.485930564874148e-05 
4.078048023950538 0.013256363929366799 0.003978022195110029 3.5265545474037665e-05 
4.09130251107077 0.013252661042974623 0.0038949766080182266 3.5634869072203584e-05 
4.104553346036488 0.013248973225180372 0.0038672622498288354 3.555002965956607e-05 
4.117800457521131 0.013245203609783651 0.003888626100790818 3.566293380734421e-05 
4.131043753256056 0.013241422649744372 0.0038636915140999816 3.5778398184189467e-05 
4.144283302820619 0.013237648722746798 0.004006538054570239 3.6025433061328505e-05 
4.157519050701549 0.013233811331924805 0.003847254224526901 3.6243091274560425e-05 
4.170750925484468 0.013229860412018013 0.0039098537143793365 3.653855554325371e-05 
4.183978771525585 0.013226027440429888 0.004056517203263308 3.6718310323724525e-05 
4.197202980365329 0.01322222718271071 0.0041265617067196 3.708551527074437e-05 
4.210423225891005 0.013218179726282031 0.00417177518453459 3.754042980026017e-05 
4.223639339817893 0.01321413172949537 0.00419988700484562 3.735242833608824e-05 
4.236851489349997 0.013210293537269102 0.004252531892812104 3.7636045372123705e-05 
4.250059926892431 0.013206359256062505 0.004261320474766215 3.813193434940696e-05 
4.263264207862123 0.013202271768265383 0.004347306698903189 3.8188141532657184e-05 
4.2764644704289605 0.01319818570922493 0.00435624927047352 3.842669837640048e-05 
4.289660579280574 0.013194049791655615 0.004445717693550221 3.8790783708586023e-05 
4.302852570012271 0.013189918718019555 0.0043607913209645875 3.971527303750112e-05 
4.316040416716612 0.013185777255143805 0.004404789119229949 4.025551943114725e-05 
4.3292241245225584 0.013181640260130578 0.0043739676985493844 4.03525262128089e-05 
4.342403697236874 0.013177506099854241 0.004370268482323847 4.406808863245279e-05 
4.355579136722268 0.013173331208152561 0.004381263272539421 4.3730361055732136e-05 
4.36875035965318 0.013169123925896642 0.0042629039490722255 4.145590240347002e-05 
4.38191738457406 0.013164950047116264 0.004270537284459706 4.195883352184681e-05 
4.395080259747411 0.013160562009241872 0.0043210693202078605 4.174666296753134e-05 
4.408238508592545 0.013156120870290167 0.004301648701424739 4.314873025696478e-05 
4.421392501487992 0.013151871626927658 0.004337792419480438 4.242061566473155e-05 
4.434542251846399 0.013147472439498209 0.004310849182196414 4.214992975029394e-05 
4.447687446366989 0.013143029873480039 0.0043252303291559085 4.236962772625847e-05 
4.460828311593359 0.013138596108952072 0.004288470897969739 4.323300922278802e-05 
4.473964638584893 0.013134096494339609 0.004260743485518759 4.553119894652299e-05 
4.487096504582039 0.013129601539872304 0.004280780988123799 4.456307639273564e-05 
4.500223841664637 0.01312503541582366 0.004245995930956058 4.459575843122851e-05 
4.513346575413687 0.013120513020890456 0.004226128622141551 4.500651731149443e-05 
4.526464867706418 0.01311593217767637 0.0041599881841978235 4.775912268019097e-05 
4.5395784397690395 0.013111226010181554 0.0041318796311340745 4.616185456699983e-05 
4.552687319726781 0.013106603347393886 0.004129404317166244 4.482093286369669e-05 
4.565791646463827 0.013101963727637944 0.004202054323945166 4.67487200317381e-05 
4.578891247182057 0.013097237778701754 0.004129206851730299 4.8918124250497256e-05 
4.591986122021231 0.013092443183002622 0.004131356750071239 4.8234719273370756e-05 
4.605076133548061 0.01308764107193916 0.004093364870280206 4.91186244182814e-05 
4.618161404165111 0.013082866098645951 0.0040793296470130695 4.8271751482025864e-05 
4.631241865745353 0.013078037680079646 0.004116601153672729 4.845034666391185e-05 
4.64431747952527 0.013073118138583695 0.004043790001673162 4.877612239722201e-05 
4.65738810202252 0.01306814255637967 0.004105035343072267 4.972526144179111e-05 
4.670453764638028 0.013063115446924733 0.003941716675312339 4.932034566500573e-05 
4.683514332916371 0.013058104782315283 0.0040742696845985655 4.914679042886368e-05 
4.696569974202658 0.013053155620688095 0.003970182858445209 5.123976939886447e-05 
4.709620644157748 0.0130480569274809 0.00394991689984075 5.1964405240072434e-05 
4.722666088057618 0.013042878968806626 0.004072087112552409 5.2199164442452866e-05 
4.735706402095362 0.013037689246552908 0.004082602121655235 5.1487639492749875e-05 
4.748741466550724 0.013032489398629998 0.004048747492419105 5.19680941590304e-05 
4.761771380892622 0.013027282021471187 0.004158337312965136 5.19391498975682e-05 
4.774796030593667 0.013022030092232129 0.004071083835288586 5.2576750357384726e-05 
4.787815441077084 0.01301680142276851 0.0040870280944520394 5.351302401222702e-05 
4.800829633439205 0.01301142499780994 0.004135958817431878 5.614453085538955e-05 
4.813838291072705 0.013005948719099436 0.0040010606503381434 5.6087391770584676e-05 
4.826841530877404 0.013000522817119275 0.003965642292932031 5.738003479807087e-05 
4.839839336706943 0.012995058233499002 0.004003469001485101 5.541354171040819e-05 
4.852831647344402 0.012989540257960286 0.004142644050099982 5.774392284521447e-05 
4.865818417222863 0.012983940857141718 0.00415286400996656 5.561156854575589e-05 
4.878799529058686 0.012978285562289749 0.00415297333710905 5.57201114574939e-05 
4.891774988347443 0.012972652619331448 0.004072170042148487 5.703620573616491e-05 
4.9047448342973485 0.012966995405295556 0.004112266625463826 5.708630309635516e-05 
4.917708979158033 0.012961342369369078 0.00406254386196489 5.7495304979363084e-05 
4.930667519036087 0.0129556119280263 0.004003002938387228 5.747719353377587e-05 
4.9436202030140874 0.012949742260561337 0.004028193659056781 5.804727087871883e-05 
4.9565670035572085 0.012943881044173544 0.0039955468792050985 5.839870755917211e-05 
4.9695079651024345 0.01293792566599361 0.0039346010995099144 5.9141578878916246e-05 
4.982442854889195 0.012931852373402997 0.003952422824666346 6.181274908829748e-05 
4.995371669849241 0.012925906474145599 0.004075070737108734 6.22016682920931e-05 
5.008294667837487 0.012919902065296363 0.003961643250052941 6.168927216989086e-05 
5.021211473979833 0.012913695267855019 0.004070045368795242 6.2595864028293e-05 
5.034122058373197 0.012907499547719858 0.004057994519279365 6.380867964208592e-05 
5.047026473075272 0.01290133191137599 0.0040688759479012866 6.604304581278643e-05 
5.05992472219595 0.012895109918112269 0.00399667687733518 6.345765995271072e-05 
5.0728166929114975 0.012888743961775084 0.0038658146254852603 6.384469497334905e-05 
5.085702210119499 0.011761883251690364 0.003985815127875974 6.737038630496249e-05 
5.096340459414878 0.007113311467992212 0.0039892119343718415 7.039474034999151e-05 
5.099928833055484 0.0027432773672444455 0.004138894505520482 6.979625707095154e-05 
5.101827014149365 0.006549125791281973 0.003866072719183933 6.919714082117122e-05 
5.113027084638049 0.011852300113864622 0.004069662771578763 6.67895104944189e-05 
5.125531614377095 0.012504529739045367 0.004003821970455626 6.598457519072006e-05 
5.138036144116139 0.01250452973904359 0.003981711040499863 6.787857122896615e-05 
5.1505406738551835 0.012504529739045367 0.004205074962872785 6.829445430454046e-05 
