2.876964294516957 0.013514867713603884 0.004593336895953462 2.9108228366696308e-05 
2.890479162230561 0.013513753764420322 0.004656673863820901 2.8130311112755333e-05 
2.9039918020457973 0.013511561540654249 0.004672403503078883 2.7456347626006146e-05 
2.9175022853118695 0.013509439634317388 0.0045219518431675225 2.6615356163961546e-05 
2.931010681314433 0.013507285035559313 0.004466423398487327 2.686906790044871e-05 
2.944516855382988 0.01350502806298337 0.0044657453802977205 2.592570638340835e-05 
2.958020737440399 0.01350271075716769 0.004443033300426016 2.558934246539788e-05 
2.9715222768973235 0.013500416297764772 0.004463412365728513 2.5357671634900403e-05 
2.985021570035929 0.013498179134803223 0.004451824876730506 2.5187787152288576e-05 
2.9985186351669304 0.013495881701553358 0.00438643442913858 2.5485345218251145e-05 
3.0120133334390347 0.013493554716403011 0.0042988720710781655 2.5191664463335133e-05 
3.0255057445997373 0.013491224787812062 0.004315977386076088 2.525820341374215e-05 
3.0389957830146583 0.013488887570670904 0.004327334565160252 2.5546615529075588e-05 
3.052483519741079 0.013486539831471411 0.00439063606312433 2.5643650540551422e-05 
3.065968862677601 0.013484144317038815 0.0042900192845841045 2.586628118545928e-05 
3.079451808375157 0.013481741711485196 0.004228984048762865 2.6237293819297417e-05 
3.092932346100571 0.013479321499677344 0.0042238303177436366 2.6605466158243473e-05 
3.1064104513745114 0.013476889923217605 0.004273647683610044 2.6597202753947125e-05 
3.119886125947007 0.013474460308411373 0.004123046098773214 2.650316493891788e-05 
3.133359371991334 0.013472003979390745 0.004220961667830832 2.6316533343653e-05 
3.1468301339057883 0.01346950861726226 0.004221557322789633 2.6161885773336077e-05 
3.1602983892258587 0.013467015327864207 0.004108499510056582 2.5990895972094037e-05 
3.1737641645615167 0.013464514944796058 0.004176570223521112 2.5803963671632595e-05 
3.187227419115451 0.01346198671050347 0.0041405881541146175 2.5551773538826885e-05 
3.200688137982523 0.013459476667327941 0.0042681904893545385 2.5368630896416467e-05 
3.2141463724501067 0.013456950218456942 0.004133565853794284 2.555913214623709e-05 
3.2276020384194375 0.01345437527960991 0.004077367556934732 2.591071745486272e-05 
3.241055123009326 0.013451791084678533 0.004097404527529 2.545639120840898e-05 
3.2545056205887946 0.01344917970410453 0.004022371487847728 2.5369244741909072e-05 
3.2679534824175356 0.013446544726618104 0.004062830934444566 2.543982109082198e-05 
3.2813987100420308 0.01344390395488837 0.004126754237962639 2.5511086032596873e-05 
3.2948412903273123 0.013441272107783231 0.0040084361983205585 2.5621276421722897e-05 
3.3082812542575972 0.013438640042872319 0.004053834121814379 2.5715506196384817e-05 
3.321718570413057 0.01343592549275563 0.00409035460155904 2.596529217081607e-05 
3.3351531052431085 0.01343318029909879 0.004024852906169092 2.591587379230515e-05 
3.348584931011254 0.013430492766103086 0.00411604467614666 2.5966895411931313e-05 
3.3620140907753147 0.013427775461328118 0.004044538623210695 2.6154082581868123e-05 
3.3754404819339108 0.01342497570276624 0.0040444071405169955 2.628118582108131e-05 
3.3888640421808467 0.01342225705255462 0.0040849954756254445 2.6314664634441307e-05 
3.402284996039021 0.013419513738484934 0.0040392108650050135 2.6427490000369642e-05 
3.415703069657816 0.01341668439106991 0.0040752297362662195 2.6992784191034867e-05 
3.4291183648211607 0.013413896365624733 0.003998682534568649 2.6722206382470422e-05 
3.4425308623890656 0.013411090178841345 0.003992884312480927 2.674832672759807e-05 
3.455940545178843 0.0134082252727179 0.003957521102683626 2.682972944978102e-05 
3.4693473129345014 0.013405359885258594 0.004009462927107677 2.693140630289645e-05 
3.4827512649493606 0.013402519303891136 0.003987688094343102 2.7002660082013354e-05 
3.496152351542284 0.013399618589619244 0.003953941464888126 2.714329100953262e-05 
3.509550502128598 0.013396670634492125 0.00394574695858548 2.731922573310287e-05 
3.5229456928112683 0.013393723906029109 0.0039032531805425264 2.7564131207659435e-05 
3.536337949940657 0.013390848654349696 0.003903959951690966 2.7827115812237665e-05 
3.549727390119968 0.01338792548931167 0.003855094035224627 2.7669498311874974e-05 
3.56311380091928 0.01338492137989844 0.0038885674038520116 2.7809464170889527e-05 
3.5764972328797646 0.013381968553412005 0.0038770755772862923 2.8012399518087137e-05 
3.5898777380261038 0.01337900331554387 0.0038596076653028884 2.8129454990098855e-05 
3.6032552395108532 0.013375947890668982 0.0038429370047184225 2.825526634739765e-05 
3.6166296338074417 0.013372841343030739 0.0038110355909559347 2.8424857481160002e-05 
3.6300009221969143 0.013369772738529573 0.003807200017692006 2.877518223373067e-05 
3.643369179284501 0.0133667342139967 0.0037813758433241852 2.8846665500761003e-05 
3.6567343906249072 0.013363681237259506 0.0037564318401713892 2.889094495015266e-05 
3.67009654175902 0.013360553357553151 0.0037541838502983572 2.8992285202474203e-05 
3.6834554973400144 0.013357407930513432 0.0037891093491557544 2.9179075076171e-05 
3.696811357620046 0.013354303269612622 0.0037498874810903146 2.9579679881519873e-05 
3.71016410387924 0.05160645463524283 0.0037370823037523727 2.9449154261052983e-05 
3.8000242668905315 0.06434411194420786 0.0038177507009566057 0.00020605414130453183 
3.8388523277676563 0.02607306421742761 0.0036584553558746636 3.094546299419342e-05 
3.8521703953253863 0.0133163989682199 0.0037391811808228943 3.13079527333567e-05 
3.865485125704096 0.013313040706378398 0.003598829899103207 3.162324427259643e-05 
3.878796476738143 0.013309635872054582 0.0036921412472479377 3.155098114923526e-05 
3.8921043974482052 0.013306204343912942 0.003654828390513321 3.179223897505097e-05 
3.905408885425969 0.01330273048453634 0.0038200671952808127 3.198019410318978e-05 
3.9187098584172775 0.013299285270822025 0.0036725331123959692 3.211576968593161e-05 
3.9320074559676135 0.013295870796074194 0.003717935573050553 3.2318114224754436e-05 
3.945301600009426 0.013292381492282068 0.0037056380478720525 3.26317149856541e-05 
3.9585922189521776 0.013288924558560122 0.0038131073347832116 3.284173158111759e-05 
3.9718794491265457 0.013285535702484808 0.003913095268291494 3.2967524403229606e-05 
3.9851632903571477 0.013281944564938364 0.003989788482777269 3.323674012726097e-05 
3.998443338256422 0.013278279279481886 0.0039486185750130225 3.354743340577762e-05 
4.011719848916112 0.013274762536788387 0.003966921267247991 3.378549209366898e-05 
4.024992863329999 0.013271151234505396 0.003985003197089642 3.3993490031767034e-05 
4.038262151385122 0.013267432373361032 0.004040989138273003 3.420743558071158e-05 
4.051527728076723 0.013263815913457933 0.004000512460656989 3.444530085755939e-05 
4.064789783212038 0.013260147936907885 0.004006374857972222 3.4856072301981384e-05 
4.078048023950538 0.013256363929366799 0.003963109793196526 3.5302641143867986e-05 
4.09130251107077 0.013252661042974623 0.004056900154657549 3.5601965426146084e-05 
4.104553346036488 0.013248973225180372 0.003908948962223546 3.5610482559595804e-05 
4.117800457521131 0.013245203609783651 0.003978932463093547 3.570459881856024e-05 
4.131043753256056 0.013241422649744372 0.004028721013899239 3.57690393487182e-05 
4.144283302820619 0.013237648722746798 0.003935233015947035 3.603529751072015e-05 
4.157519050701549 0.013233811331924805 0.003958906730238375 3.6239306878873173e-05 
4.170750925484468 0.013229860412018013 0.00413605617403829 3.659409911327902e-05 
4.183978771525585 0.013226027440429888 0.004362548865366253 3.671701239059802e-05 
4.197202980365329 0.01322222718271071 0.004462445652321295 3.718710846039083e-05 
4.210423225891005 0.013218179726282031 0.004650403965218318 3.754191551520715e-05 
4.223639339817893 0.01321413172949537 0.004691446364893008 3.733164430574086e-05 
4.236851489349997 0.013210293537269102 0.004825450511801207 3.761081810834914e-05 
4.250059926892431 0.013206359256062505 0.00478808741036658 3.814091641217608e-05 
4.263264207862123 0.013202271768265383 0.004889288417660297 3.81659775582398e-05 
4.2764644704289605 0.01319818570922493 0.004975675406893134 3.840181054080289e-05 
4.289660579280574 0.013194049791655615 0.005029012441516863 3.8807089204996244e-05 
4.302852570012271 0.013189918718019555 0.005081942226809792 3.974953946573579e-05 
4.316040416716612 0.013185777255143805 0.0051045408057218255 3.999127893507968e-05 
4.3292241245225584 0.013181640260130578 0.005198297263785094 4.03754110749477e-05 
4.342403697236874 0.013177506099854241 0.0052756671572339285 4.478059141855041e-05 
4.355579136722268 0.013173331208152561 0.005122212259847621 4.287937609626749e-05 
4.36875035965318 0.013169123925896642 0.005180894748397604 4.136640849727998e-05 
4.38191738457406 0.013164950047116264 0.0050673211710415495 4.233850778044746e-05 
4.395080259747411 0.013160562009241872 0.00505340380516286 4.170770543424403e-05 
4.408238508592545 0.013156120870290167 0.005030819946905766 4.308361954084078e-05 
4.421392501487992 0.013151871626927658 0.005018537214640004 4.2620278471461766e-05 
4.434542251846399 0.013147472439498209 0.004966836739193164 4.222423507367599e-05 
4.447687446366989 0.013143029873480039 0.004948376707494316 4.2359907450659455e-05 
4.460828311593359 0.013138596108952072 0.004873816105867745 4.3201341842343496e-05 
4.473964638584893 0.013134096494339609 0.004910602549220589 4.572444210249582e-05 
4.487096504582039 0.013129601539872304 0.004827076696956415 4.451522935598758e-05 
4.500223841664637 0.01312503541582366 0.004721098356618196 4.431617145093848e-05 
4.513346575413687 0.013120513020890456 0.004725519603030164 4.532603660768475e-05 
4.526464867706418 0.01311593217767637 0.004676040548167428 4.7700631319735686e-05 
4.5395784397690395 0.013111226010181554 0.004594057472886466 4.586832555091927e-05 
4.552687319726781 0.013106603347393886 0.004671297972679256 4.491494445821794e-05 
4.565791646463827 0.013101963727637944 0.004531527388607401 4.709149873584829e-05 
4.578891247182057 0.013097237778701754 0.004436604585509911 4.929165332844566e-05 
4.591986122021231 0.013092443183002622 0.0042863582635358066 4.806802916314914e-05 
4.605076133548061 0.01308764107193916 0.004429496382033219 4.903386400075708e-05 
4.618161404165111 0.013082866098645951 0.004451018464144162 4.8475966175601085e-05 
4.631241865745353 0.013078037680079646 0.004230052868189166 4.878114990026852e-05 
4.64431747952527 0.013073118138583695 0.00440347490320309 4.9300844664462904e-05 
4.65738810202252 0.01306814255637967 0.004336647076879406 4.9475129915381766e-05 
4.670453764638028 0.013063115446924733 0.004363122342189811 4.9201769674226316e-05 
4.683514332916371 0.013058104782315283 0.004209997611413429 4.8913790617616315e-05 
4.696569974202658 0.013053155620688095 0.004213019338086321 5.156020847703576e-05 
4.709620644157748 0.0130480569274809 0.004442449915756768 5.175410070049712e-05 
4.722666088057618 0.013042878968806626 0.004430940550388479 5.2429000051981615e-05 
4.735706402095362 0.013037689246552908 0.004308724443064391 5.1614521381746016e-05 
4.748741466550724 0.013032489398629998 0.004316367110716347 5.205296513792739e-05 
4.761771380892622 0.013027282021471187 0.0043094320557511 5.219625511337292e-05 
4.774796030593667 0.013022030092232129 0.004349796695761372 5.2699601143047346e-05 
4.787815441077084 0.01301680142276851 0.004269785911631939 5.398412442759579e-05 
4.800829633439205 0.01301142499780994 0.0042553171748521135 5.6416180463932274e-05 
4.813838291072705 0.013005948719099436 0.0045117948339369034 5.649105531192242e-05 
4.826841530877404 0.013000522817119275 0.004309130490888268 5.827284148635026e-05 
4.839839336706943 0.012995058233499002 0.0042881983682772126 5.55903612851292e-05 
4.852831647344402 0.012989540257960286 0.004286886838327092 5.74454602123246e-05 
4.865818417222863 0.012983940857141718 0.004319578199791651 5.555174376586227e-05 
4.878799529058686 0.012978285562289749 0.0042249790849768435 5.5744464875912295e-05 
4.891774988347443 0.012972652619331448 0.004144722065920774 5.71213902843152e-05 
4.9047448342973485 0.012966995405295556 0.004380870370254622 5.737330077723939e-05 
4.917708979158033 0.012961342369369078 0.004156184360992361 5.7415986102103244e-05 
4.930667519036087 0.0129556119280263 0.004270150935890585 5.7462747790263345e-05 
4.9436202030140874 0.012949742260561337 0.00425952703666438 5.80565523624664e-05 
4.9565670035572085 0.012943881044173544 0.004256822430979983 5.8436088041505836e-05 
4.9695079651024345 0.01293792566599361 0.00418125972100234 5.9121522541648134e-05 
4.982442854889195 0.012931852373402997 0.004218907736652938 6.193911150633821e-05 
4.995371669849241 0.012925906474145599 0.004049749391620428 6.204120342901259e-05 
5.008294667837487 0.012919902065296363 0.004171446363807892 6.14052570333652e-05 
5.021211473979833 0.012913695267855019 0.00428966403782367 6.237488852198927e-05 
5.034122058373197 0.012907499547719858 0.004183376025441263 6.356937605661915e-05 
5.047026473075272 0.01290133191137599 0.004376972921326326 6.612085755129195e-05 
5.05992472219595 0.012895109918112269 0.004298331557893569 6.377059458120423e-05 
5.0728166929114975 0.012888743961775084 0.00423440495974673 6.37421013687959e-05 
5.085702210119499 0.011761883251690364 0.004294903995667154 6.798646201885474e-05 
5.096340459414878 0.007113311467992212 0.004295395199223679 7.040609499722233e-05 
5.099928833055484 0.0027432773672444455 0.004108339511547911 6.994397041642052e-05 
5.101827014149365 0.006549125791281973 0.004251168771065789 6.943430269902616e-05 
5.113027084638049 0.011852300113864622 0.0042287648917482485 6.687500073271609e-05 
5.125531614377095 0.012504529739045367 0.004211068906329328 6.609522541513836e-05 
5.138036144116139 0.01250452973904359 0.004408699874478749 6.781550247836866e-05 
5.1505406738551835 0.012504529739045367 0.004445198728931798 6.815953164972378e-05 
