2.876964294516957 0.013514867713603884 0.004648862862632077 2.909523009680616e-05 
2.890479162230561 0.013513753764420322 0.004635050555552441 2.812688026561913e-05 
2.9039918020457973 0.013511561540654249 0.004575046426177016 2.7387812997389446e-05 
2.9175022853118695 0.013509439634317388 0.004584110919234784 2.660182455272146e-05 
2.931010681314433 0.013507285035559313 0.0044987718606619344 2.67800732635519e-05 
2.944516855382988 0.01350502806298337 0.004583130689949004 2.5922512321903993e-05 
2.958020737440399 0.01350271075716769 0.004489562969112465 2.559492065322929e-05 
2.9715222768973235 0.013500416297764772 0.004519484939711378 2.536691679451008e-05 
2.985021570035929 0.013498179134803223 0.004452111590060497 2.516324785524243e-05 
2.9985186351669304 0.013495881701553358 0.004469986593398593 2.534148418493767e-05 
3.0120133334390347 0.013493554716403011 0.004464192075644906 2.5172023268052397e-05 
3.0255057445997373 0.013491224787812062 0.004464907577664509 2.5260694297639575e-05 
3.0389957830146583 0.013488887570670904 0.004411030730935175 2.5570796563373172e-05 
3.052483519741079 0.013486539831471411 0.004513523648032074 2.5665154676943202e-05 
3.065968862677601 0.013484144317038815 0.004416784621801159 2.587598353698009e-05 
3.079451808375157 0.013481741711485196 0.004384892794467475 2.623298184502127e-05 
3.092932346100571 0.013479321499677344 0.004430030820293044 2.662775222144348e-05 
3.1064104513745114 0.013476889923217605 0.0042868713214217185 2.6598157716199853e-05 
3.119886125947007 0.013474460308411373 0.0043523241966484825 2.6553615387001426e-05 
3.133359371991334 0.013472003979390745 0.004317955780199093 2.632660138498733e-05 
3.1468301339057883 0.01346950861726226 0.004409894447983041 2.6156698309310558e-05 
3.1602983892258587 0.013467015327864207 0.00435905814316775 2.597924607289952e-05 
3.1737641645615167 0.013464514944796058 0.0043251359476584985 2.580496131618004e-05 
3.187227419115451 0.01346198671050347 0.004343688477744431 2.5555516127085855e-05 
3.200688137982523 0.013459476667327941 0.004360733660226098 2.5365493835390487e-05 
3.2141463724501067 0.013456950218456942 0.004346883736570304 2.5651610828326666e-05 
3.2276020384194375 0.01345437527960991 0.004273082517234006 2.583881254885626e-05 
3.241055123009326 0.013451791084678533 0.004258550674251923 2.5559515828960387e-05 
3.2545056205887946 0.01344917970410453 0.004296948199368029 2.5359851079724425e-05 
3.2679534824175356 0.013446544726618104 0.00432923164395049 2.543555820293308e-05 
3.2813987100420308 0.01344390395488837 0.0043350583442705115 2.5506059867419327e-05 
3.2948412903273123 0.013441272107783231 0.004314959994400536 2.56026384592111e-05 
3.3082812542575972 0.013438640042872319 0.004307354820799976 2.5698106152938297e-05 
3.321718570413057 0.01343592549275563 0.004350600266078485 2.5948876918437038e-05 
3.3351531052431085 0.01343318029909879 0.004302412840454704 2.5910493831730538e-05 
3.348584931011254 0.013430492766103086 0.00427319793434121 2.5963986329954094e-05 
3.3620140907753147 0.013427775461328118 0.004381640881393219 2.6148644324366384e-05 
3.3754404819339108 0.01342497570276624 0.004328733414661434 2.6257338680842875e-05 
3.3888640421808467 0.01342225705255462 0.004260829532410812 2.6310243512173564e-05 
3.402284996039021 0.013419513738484934 0.004295896066711116 2.645734109703318e-05 
3.415703069657816 0.01341668439106991 0.004332145462781365 2.699748206693147e-05 
3.4291183648211607 0.013413896365624733 0.004291267850123043 2.6648505079620055e-05 
3.4425308623890656 0.013411090178841345 0.004203974415860574 2.6774905487628418e-05 
3.455940545178843 0.0134082252727179 0.004225937195660602 2.6835327062947265e-05 
3.4693473129345014 0.013405359885258594 0.004237024201331289 2.6935979820139472e-05 
3.4827512649493606 0.013402519303891136 0.0042672523575866175 2.6994443880591598e-05 
3.496152351542284 0.013399618589619244 0.004263651954534941 2.7134370438885768e-05 
3.509550502128598 0.013396670634492125 0.004218651892994854 2.7290003884736203e-05 
3.5229456928112683 0.013393723906029109 0.0042576594588370955 2.758746080612974e-05 
3.536337949940657 0.013390848654349696 0.004243105943682191 2.7802312683989516e-05 
3.549727390119968 0.01338792548931167 0.004208574948136466 2.7685294689181555e-05 
3.56311380091928 0.01338492137989844 0.004259210756118738 2.7795464206930518e-05 
3.5764972328797646 0.013381968553412005 0.0042077304856734925 2.7999543031600732e-05 
3.5898777380261038 0.01337900331554387 0.004183950837642683 2.8130390130231458e-05 
3.6032552395108532 0.013375947890668982 0.004213114950743158 2.8252495786806696e-05 
3.6166296338074417 0.013372841343030739 0.00421255596182833 2.8399736061293368e-05 
3.6300009221969143 0.013369772738529573 0.00421387144948919 2.870755787142488e-05 
3.643369179284501 0.0133667342139967 0.004200365555768025 2.882634103586825e-05 
3.6567343906249072 0.013363681237259506 0.004243963292007757 2.8877501305090736e-05 
3.67009654175902 0.013360553357553151 0.004224542929983734 2.898362031083948e-05 
3.6834554973400144 0.013357407930513432 0.0042243528611782466 2.9166659203403393e-05 
3.696811357620046 0.013354303269612622 0.0042065444988320065 2.937457001085569e-05 
3.71016410387924 0.05160645463524283 0.004245812609544691 2.9431517288887235e-05 
3.8000242668905315 0.06434411194420786 0.0042262726627154395 0.0002060292407651599 
3.8388523277676563 0.02607306421742761 0.0042087265794986655 3.0932971400476247e-05 
3.8521703953253863 0.0133163989682199 0.004231720719617851 3.125023890541469e-05 
3.865485125704096 0.013313040706378398 0.004138403125548164 3.1665149991372176e-05 
3.878796476738143 0.013309635872054582 0.004176165750089934 3.154712587546678e-05 
3.8921043974482052 0.013306204343912942 0.0041629042629529635 3.181445683497816e-05 
3.905408885425969 0.01330273048453634 0.004167784663310189 3.196148677623642e-05 
3.9187098584172775 0.013299285270822025 0.004156115319715846 3.209661834611919e-05 
3.9320074559676135 0.013295870796074194 0.00421178439238049 3.22994948697022e-05 
3.945301600009426 0.013292381492282068 0.004155775296448257 3.259843006072996e-05 
3.9585922189521776 0.013288924558560122 0.00412949782563317 3.284740628233594e-05 
3.9718794491265457 0.013285535702484808 0.004139398694818847 3.2969858006120744e-05 
3.9851632903571477 0.013281944564938364 0.0042047277410319495 3.322696144889343e-05 
3.998443338256422 0.013278279279481886 0.004181445708301541 3.357745346310744e-05 
4.011719848916112 0.013274762536788387 0.004201825448270181 3.375440558144961e-05 
4.024992863329999 0.013271151234505396 0.004178014772337044 3.3987335692200686e-05 
4.038262151385122 0.013267432373361032 0.0042337721052682345 3.420649968455291e-05 
4.051527728076723 0.013263815913457933 0.004254154359786603 3.4442175441753607e-05 
4.064789783212038 0.013260147936907885 0.004168528813409807 3.4853510615780215e-05 
4.078048023950538 0.013256363929366799 0.00420492175889528 3.523695637364499e-05 
4.09130251107077 0.013252661042974623 0.004244249968091049 3.562553727612788e-05 
4.104553346036488 0.013248973225180372 0.0042111988673138225 3.548146084880581e-05 
4.117800457521131 0.013245203609783651 0.00425610477120178 3.562395262591068e-05 
4.131043753256056 0.013241422649744372 0.004262051555686364 3.577564538817347e-05 
4.144283302820619 0.013237648722746798 0.0042917152144806405 3.601417025229433e-05 
4.157519050701549 0.013233811331924805 0.004197608501005838 3.62336416112306e-05 
4.170750925484468 0.013229860412018013 0.004383009558834427 3.659212021294815e-05 
4.183978771525585 0.013226027440429888 0.004346499476033867 3.672128820105552e-05 
4.197202980365329 0.01322222718271071 0.00444352312661927 3.718429028231436e-05 
4.210423225891005 0.013218179726282031 0.0046218134151098725 3.773393989198621e-05 
4.223639339817893 0.01321413172949537 0.004653946391577243 3.733573062608343e-05 
4.236851489349997 0.013210293537269102 0.004782396314343557 3.759798255352217e-05 
4.250059926892431 0.013206359256062505 0.004936697037569054 3.813062455890658e-05 
4.263264207862123 0.013202271768265383 0.004835044362550106 3.815986544172794e-05 
4.2764644704289605 0.01319818570922493 0.005086442544307413 3.839691542582943e-05 
4.289660579280574 0.013194049791655615 0.004987567316678459 3.873368766582538e-05 
4.302852570012271 0.013189918718019555 0.0051364550413015315 3.974189308716935e-05 
4.316040416716612 0.013185777255143805 0.005180692692939684 4.01139782006515e-05 
4.3292241245225584 0.013181640260130578 0.005201778802914261 4.034611280051411e-05 
4.342403697236874 0.013177506099854241 0.005063913867231058 4.413796368296741e-05 
4.355579136722268 0.013173331208152561 0.005141335960214565 4.3256478157587825e-05 
4.36875035965318 0.013169123925896642 0.005124603781747124 4.127684359736678e-05 
4.38191738457406 0.013164950047116264 0.005050675531848789 4.1558921984646335e-05 
4.395080259747411 0.013160562009241872 0.005145074882316801 4.1404109320665264e-05 
4.408238508592545 0.013156120870290167 0.004987731460463702 4.2919684389039296e-05 
4.421392501487992 0.013151871626927658 0.005051411735440837 4.2708142833455375e-05 
4.434542251846399 0.013147472439498209 0.004996758370269066 4.211250269633554e-05 
4.447687446366989 0.013143029873480039 0.004938433130966006 4.239299663299514e-05 
4.460828311593359 0.013138596108952072 0.0049582692758325326 4.347114913207354e-05 
4.473964638584893 0.013134096494339609 0.004887686949538251 4.550292606472899e-05 
4.487096504582039 0.013129601539872304 0.004771431109455362 4.45165209724423e-05 
4.500223841664637 0.01312503541582366 0.004794026817470426 4.4412164499154676e-05 
4.513346575413687 0.013120513020890456 0.004632442705595044 4.517173177437918e-05 
4.526464867706418 0.01311593217767637 0.004604086258523647 4.793597993594862e-05 
4.5395784397690395 0.013111226010181554 0.004565173668735351 4.6071327788836276e-05 
4.552687319726781 0.013106603347393886 0.004609172495406982 4.480283963895834e-05 
4.565791646463827 0.013101963727637944 0.004500134484989089 4.6917410781058486e-05 
4.578891247182057 0.013097237778701754 0.004458170541037249 4.818202048981426e-05 
4.591986122021231 0.013092443183002622 0.0044643991600902995 4.785388024732475e-05 
4.605076133548061 0.01308764107193916 0.00442720619414485 4.839803162144463e-05 
4.618161404165111 0.013082866098645951 0.004406932516317061 4.818297984390329e-05 
4.631241865745353 0.013078037680079646 0.004457297622343119 4.843552368451651e-05 
4.64431747952527 0.013073118138583695 0.004451815994610085 4.936423456975567e-05 
4.65738810202252 0.01306814255637967 0.004389919925954927 4.9680666535604385e-05 
4.670453764638028 0.013063115446924733 0.004488302394876413 4.926697359849876e-05 
4.683514332916371 0.013058104782315283 0.0043528271598944155 4.899001285849415e-05 
4.696569974202658 0.013053155620688095 0.004337920550427428 5.110213381741848e-05 
4.709620644157748 0.0130480569274809 0.004431435833213465 5.213369779662175e-05 
4.722666088057618 0.013042878968806626 0.0043319951865721275 5.2455024244611464e-05 
4.735706402095362 0.013037689246552908 0.004345854254178659 5.152586671852041e-05 
4.748741466550724 0.013032489398629998 0.004341007260543421 5.196522648872492e-05 
4.761771380892622 0.013027282021471187 0.0043858150486598795 5.201805136023648e-05 
4.774796030593667 0.013022030092232129 0.004427013869643978 5.260508452012667e-05 
4.787815441077084 0.01301680142276851 0.004457863876093083 5.348050851371879e-05 
4.800829633439205 0.01301142499780994 0.004324846115684733 5.6412619790782724e-05 
4.813838291072705 0.013005948719099436 0.004376573215249662 5.610454159071249e-05 
4.826841530877404 0.013000522817119275 0.004417562775172282 5.7626374417528686e-05 
4.839839336706943 0.012995058233499002 0.004390573857989394 5.541827837100558e-05 
4.852831647344402 0.012989540257960286 0.004264753573354431 5.819903100084567e-05 
4.865818417222863 0.012983940857141718 0.00436782292156158 5.635827674613891e-05 
4.878799529058686 0.012978285562289749 0.004305843007877242 5.569918600033273e-05 
4.891774988347443 0.012972652619331448 0.0043626495583400475 5.6920173205816155e-05 
4.9047448342973485 0.012966995405295556 0.0043787190403776965 5.724282066832288e-05 
4.917708979158033 0.012961342369369078 0.004399244186153405 5.746909455297105e-05 
4.930667519036087 0.0129556119280263 0.004472378121958113 5.7505718107084084e-05 
4.9436202030140874 0.012949742260561337 0.004429632437220757 5.8189722132097075e-05 
4.9565670035572085 0.012943881044173544 0.004361577463166583 5.8430119694039126e-05 
4.9695079651024345 0.01293792566599361 0.00445722306646785 5.8936665064006884e-05 
4.982442854889195 0.012931852373402997 0.004427330641055849 6.145559893622132e-05 
4.995371669849241 0.012925906474145599 0.004338621543013874 6.184540724199193e-05 
5.008294667837487 0.012919902065296363 0.00428837948562372 6.154940074731346e-05 
5.021211473979833 0.012913695267855019 0.004344633306020985 6.235288986413258e-05 
5.034122058373197 0.012907499547719858 0.0044708738805459124 6.356172523709305e-05 
5.047026473075272 0.01290133191137599 0.004391752645154352 6.61020779586739e-05 
5.05992472219595 0.012895109918112269 0.0042861994559717075 6.342162048920933e-05 
5.0728166929114975 0.012888743961775084 0.004289646018632862 6.389609881760522e-05 
5.085702210119499 0.011761883251690364 0.004423162783742983 6.936505089811803e-05 
5.096340459414878 0.007113311467992212 0.0042357278937055825 7.072038469777288e-05 
5.099928833055484 0.0027432773672444455 0.00437662086620165 6.952547566601704e-05 
5.101827014149365 0.006549125791281973 0.004354865218470894 6.918941855792282e-05 
5.113027084638049 0.011852300113864622 0.004356072813177577 6.694482419698997e-05 
5.125531614377095 0.012504529739045367 0.004551839610817491 6.594472662041946e-05 
5.138036144116139 0.01250452973904359 0.004399756124153455 6.784739699866417e-05 
5.1505406738551835 0.012504529739045367 0.0043973335492142 6.813016840482094e-05 
