2.876964294516957 0.013514867713603884 0.004190711993006493 2.9092307108019467e-05 
2.890479162230561 0.013513753764420322 0.004180593378043704 2.8164921086583663e-05 
2.9039918020457973 0.013511561540654249 0.004136693727927604 2.7470413201584462e-05 
2.9175022853118695 0.013509439634317388 0.004146979127414599 2.6680434812960765e-05 
2.931010681314433 0.013507285035559313 0.00413348051757829 2.6805390872669116e-05 
2.944516855382988 0.01350502806298337 0.004122560305534315 2.5926994322332823e-05 
2.958020737440399 0.01350271075716769 0.004141082665802381 2.5588978907238045e-05 
2.9715222768973235 0.013500416297764772 0.0041590650379999166 2.5359459747239714e-05 
2.985021570035929 0.013498179134803223 0.00417644987304519 2.5178569751787418e-05 
2.9985186351669304 0.013495881701553358 0.004175722111623441 2.5454321688184022e-05 
3.0120133334390347 0.013493554716403011 0.00411973628736448 2.520179395684404e-05 
3.0255057445997373 0.013491224787812062 0.004093391871913394 2.526781196767456e-05 
3.0389957830146583 0.013488887570670904 0.004088778857462541 2.558473854105165e-05 
3.052483519741079 0.013486539831471411 0.004156425847916969 2.5624874203199357e-05 
3.065968862677601 0.013484144317038815 0.004104823631733534 2.5863164311105388e-05 
3.079451808375157 0.013481741711485196 0.0040766137690895245 2.6242574918511876e-05 
3.092932346100571 0.013479321499677344 0.004118810485169965 2.661608733085444e-05 
3.1064104513745114 0.013476889923217605 0.00403577755432563 2.6599703454136996e-05 
3.119886125947007 0.013474460308411373 0.0040719939694814295 2.6539268969622177e-05 
3.133359371991334 0.013472003979390745 0.004101844990812084 2.6313752047631116e-05 
3.1468301339057883 0.01346950861726226 0.004112403345360366 2.616431388121648e-05 
3.1602983892258587 0.013467015327864207 0.00405857104255063 2.5981028870108423e-05 
3.1737641645615167 0.013464514944796058 0.004063777268162256 2.5806695363288715e-05 
3.187227419115451 0.01346198671050347 0.004093985227230812 2.553591829986847e-05 
3.200688137982523 0.013459476667327941 0.004129099108235163 2.538135667716942e-05 
3.2141463724501067 0.013456950218456942 0.0040709694176173615 2.565182299242776e-05 
3.2276020384194375 0.01345437527960991 0.004134718369248573 2.5849843953155397e-05 
3.241055123009326 0.013451791084678533 0.004075862898938833 2.546254246564068e-05 
3.2545056205887946 0.01344917970410453 0.004050799151834254 2.53696248859263e-05 
3.2679534824175356 0.013446544726618104 0.004109387611314684 2.5437937911799638e-05 
3.2813987100420308 0.01344390395488837 0.003979660089818402 2.5505886342737036e-05 
3.2948412903273123 0.013441272107783231 0.004100333053875003 2.5619102548444806e-05 
3.3082812542575972 0.013438640042872319 0.004059689322499805 2.5704036893346478e-05 
3.321718570413057 0.01343592549275563 0.004063452631632826 2.5982114333032025e-05 
3.3351531052431085 0.01343318029909879 0.004082674914590421 2.591268482803504e-05 
3.348584931011254 0.013430492766103086 0.004072683141599276 2.5972542032180988e-05 
3.3620140907753147 0.013427775461328118 0.0040566625052377465 2.615390362111027e-05 
3.3754404819339108 0.01342497570276624 0.004028819955022008 2.627744215988893e-05 
3.3888640421808467 0.01342225705255462 0.004029386736948842 2.6323632358083674e-05 
3.402284996039021 0.013419513738484934 0.004052792927310212 2.6406744889396805e-05 
3.415703069657816 0.01341668439106991 0.003967116730416816 2.6935104702655287e-05 
3.4291183648211607 0.013413896365624733 0.0040618860600584285 2.664094686304733e-05 
3.4425308623890656 0.013411090178841345 0.004078446927826352 2.6756645758410337e-05 
3.455940545178843 0.0134082252727179 0.004105386481516957 2.6808393428862922e-05 
3.4693473129345014 0.013405359885258594 0.004097120487482959 2.695253235684645e-05 
3.4827512649493606 0.013402519303891136 0.004053941213023162 2.700466688010146e-05 
3.496152351542284 0.013399618589619244 0.004112904548844681 2.7148885347219174e-05 
3.509550502128598 0.013396670634492125 0.004090731502211836 2.7306523305023066e-05 
3.5229456928112683 0.013393723906029109 0.004120193775761168 2.759622431973199e-05 
3.536337949940657 0.013390848654349696 0.004017290718892793 2.777800841945335e-05 
3.549727390119968 0.01338792548931167 0.00405429580157743 2.7680756223970413e-05 
3.56311380091928 0.01338492137989844 0.004007820660781964 2.7800567107104866e-05 
3.5764972328797646 0.013381968553412005 0.004020308975610426 2.801549253656145e-05 
3.5898777380261038 0.01337900331554387 0.003983786687273017 2.8147943570573793e-05 
3.6032552395108532 0.013375947890668982 0.004001705481669608 2.825490483730895e-05 
3.6166296338074417 0.013372841343030739 0.004033409405220208 2.838755184793935e-05 
3.6300009221969143 0.013369772738529573 0.004054970835962873 2.873202462104991e-05 
3.643369179284501 0.0133667342139967 0.0039567686716943965 2.8834087177055304e-05 
3.6567343906249072 0.013363681237259506 0.004033130928622994 2.8897742780095336e-05 
3.67009654175902 0.013360553357553151 0.004016716655673587 2.8984905262950006e-05 
3.6834554973400144 0.013357407930513432 0.004001178146206302 2.9172497377574336e-05 
3.696811357620046 0.013354303269612622 0.0039995923488547495 2.950382079107673e-05 
3.71016410387924 0.05160645463524283 0.003977403561830093 2.9433577879870364e-05 
3.8000242668905315 0.06434411194420786 0.004041059799346175 0.00020599002291908885 
3.8388523277676563 0.02607306421742761 0.004019757112381691 3.093345232563968e-05 
3.8521703953253863 0.0133163989682199 0.003980598437120443 3.127818883965567e-05 
3.865485125704096 0.013313040706378398 0.004075370764456432 3.1659417639927175e-05 
3.878796476738143 0.013309635872054582 0.004019608653914333 3.1567053239553545e-05 
3.8921043974482052 0.013306204343912942 0.00410448939367451 3.181030840627077e-05 
3.905408885425969 0.01330273048453634 0.004019716126197068 3.196146442115461e-05 
3.9187098584172775 0.013299285270822025 0.004030333287402534 3.210806488641351e-05 
3.9320074559676135 0.013295870796074194 0.003997726580445534 3.229532745088562e-05 
3.945301600009426 0.013292381492282068 0.004052463915345646 3.262049230610034e-05 
3.9585922189521776 0.013288924558560122 0.004006417258722261 3.2835484774217405e-05 
3.9718794491265457 0.013285535702484808 0.004102033723663821 3.2965350270411505e-05 
3.9851632903571477 0.013281944564938364 0.004028144454358293 3.3243866935750774e-05 
3.998443338256422 0.013278279279481886 0.004046826478858785 3.359447196528408e-05 
4.011719848916112 0.013274762536788387 0.004016852121727081 3.377005940683546e-05 
4.024992863329999 0.013271151234505396 0.004028973931820069 3.3991915918836056e-05 
4.038262151385122 0.013267432373361032 0.00400742947768989 3.4208023809132856e-05 
4.051527728076723 0.013263815913457933 0.0040435271240574985 3.4454844016114695e-05 
4.064789783212038 0.013260147936907885 0.003977030408765232 3.484821648769009e-05 
4.078048023950538 0.013256363929366799 0.004057946445697692 3.51910826393345e-05 
4.09130251107077 0.013252661042974623 0.004018494805141871 3.565067900829086e-05 
4.104553346036488 0.013248973225180372 0.003979224510937716 3.5569153368515585e-05 
4.117800457521131 0.013245203609783651 0.004007660179184148 3.570197516246367e-05 
4.131043753256056 0.013241422649744372 0.004030181335486598 3.577599373789492e-05 
4.144283302820619 0.013237648722746798 0.004010744873882781 3.602158610055601e-05 
4.157519050701549 0.013233811331924805 0.004013388214102623 3.624208179240526e-05 
4.170750925484468 0.013229860412018013 0.004025624236855605 3.656889554181546e-05 
4.183978771525585 0.013226027440429888 0.004072642871698538 3.6727425123622506e-05 
4.197202980365329 0.01322222718271071 0.004181718625992295 3.718092022071741e-05 
4.210423225891005 0.013218179726282031 0.004102428514162058 3.7638941627794713e-05 
4.223639339817893 0.01321413172949537 0.004158619947701883 3.7361326606645826e-05 
4.236851489349997 0.013210293537269102 0.004215488433505748 3.762317923734564e-05 
4.250059926892431 0.013206359256062505 0.0042512693228276745 3.814881094930321e-05 
4.263264207862123 0.013202271768265383 0.004269145621915455 3.817718083156633e-05 
4.2764644704289605 0.01319818570922493 0.0042656373906622 3.8423729040669686e-05 
4.289660579280574 0.013194049791655615 0.00441017454720875 3.878352525999758e-05 
4.302852570012271 0.013189918718019555 0.004401947321108667 3.972505165650327e-05 
4.316040416716612 0.013185777255143805 0.004305128222666361 3.997467933453196e-05 
4.3292241245225584 0.013181640260130578 0.004435792604450043 4.002601507565464e-05 
4.342403697236874 0.013177506099854241 0.004389296787133126 4.414741274508649e-05 
4.355579136722268 0.013173331208152561 0.004376701166737527 4.220446143251391e-05 
4.36875035965318 0.013169123925896642 0.004444137665068031 4.1308992699386016e-05 
4.38191738457406 0.013164950047116264 0.004348721523377401 4.237135454209728e-05 
4.395080259747411 0.013160562009241872 0.004400524435666445 4.181891474458955e-05 
4.408238508592545 0.013156120870290167 0.004375987798523011 4.3140997208032956e-05 
4.421392501487992 0.013151871626927658 0.004363183163617919 4.285759613200377e-05 
4.434542251846399 0.013147472439498209 0.004396684408550137 4.242993447852353e-05 
4.447687446366989 0.013143029873480039 0.004360066678221622 4.242650502775758e-05 
4.460828311593359 0.013138596108952072 0.0043255407881633325 4.3083928335681826e-05 
4.473964638584893 0.013134096494339609 0.004264899176930591 4.549664940480712e-05 
4.487096504582039 0.013129601539872304 0.00426973377182494 4.445146065987741e-05 
4.500223841664637 0.01312503541582366 0.004281924407634365 4.419760957071107e-05 
4.513346575413687 0.013120513020890456 0.004253023546503411 4.531909789995914e-05 
4.526464867706418 0.01311593217767637 0.004179742655742617 4.725000242445191e-05 
4.5395784397690395 0.013111226010181554 0.004195016232733044 4.5992853416211685e-05 
4.552687319726781 0.013106603347393886 0.004180497673072169 4.5038716699988634e-05 
4.565791646463827 0.013101963727637944 0.004155119364202824 4.618069248117526e-05 
4.578891247182057 0.013097237778701754 0.00414703278588585 4.8029613370133605e-05 
4.591986122021231 0.013092443183002622 0.0040737216574777 4.8549344180153005e-05 
4.605076133548061 0.01308764107193916 0.004082275423326144 4.9141600189301e-05 
4.618161404165111 0.013082866098645951 0.004079098646390111 4.8455335789741786e-05 
4.631241865745353 0.013078037680079646 0.004119118533899095 4.840644190151167e-05 
4.64431747952527 0.013073118138583695 0.0040329557945286715 4.885290096502257e-05 
4.65738810202252 0.01306814255637967 0.004085996409665603 4.964896744726308e-05 
4.670453764638028 0.013063115446924733 0.004124997844409822 4.9307363038662216e-05 
4.683514332916371 0.013058104782315283 0.004095762085409403 4.897779701594359e-05 
4.696569974202658 0.013053155620688095 0.003981764657096055 5.154336997251453e-05 
4.709620644157748 0.0130480569274809 0.003968055350462312 5.19811609267183e-05 
4.722666088057618 0.013042878968806626 0.004028410279795537 5.219152629661625e-05 
4.735706402095362 0.013037689246552908 0.004087115598593321 5.16322862169635e-05 
4.748741466550724 0.013032489398629998 0.004056696149492563 5.1864052878378187e-05 
4.761771380892622 0.013027282021471187 0.0040904510964547836 5.21127720815116e-05 
4.774796030593667 0.013022030092232129 0.004107380140930083 5.260631394199914e-05 
4.787815441077084 0.01301680142276851 0.004087697539786488 5.365753982119299e-05 
4.800829633439205 0.01301142499780994 0.00420228541580883 5.62918231044855e-05 
4.813838291072705 0.013005948719099436 0.00405173695658354 5.575538958120097e-05 
4.826841530877404 0.013000522817119275 0.003971008548025138 5.7299251757131074e-05 
4.839839336706943 0.012995058233499002 0.004154997380594263 5.5585054103849057e-05 
4.852831647344402 0.012989540257960286 0.004130030384405375 5.8056839530440644e-05 
4.865818417222863 0.012983940857141718 0.004019065422415064 5.5989499395212014e-05 
4.878799529058686 0.012978285562289749 0.004135239946725644 5.5823357251137816e-05 
4.891774988347443 0.012972652619331448 0.004093786106377685 5.73380707318902e-05 
4.9047448342973485 0.012966995405295556 0.004225352281477611 5.710134925374921e-05 
4.917708979158033 0.012961342369369078 0.00424992901107984 5.749162766348216e-05 
4.930667519036087 0.0129556119280263 0.004089279755160163 5.748958597367623e-05 
4.9436202030140874 0.012949742260561337 0.004000511650557294 5.809486754296341e-05 
4.9565670035572085 0.012943881044173544 0.004128850399715101 5.842981766517777e-05 
4.9695079651024345 0.01293792566599361 0.004056096073517307 5.899893782408056e-05 
4.982442854889195 0.012931852373402997 0.0038643923100084776 6.183509911168213e-05 
4.995371669849241 0.012925906474145599 0.00419418387522183 6.244359829856404e-05 
5.008294667837487 0.012919902065296363 0.0040556262408430405 6.209136560538186e-05 
5.021211473979833 0.012913695267855019 0.004124336556038816 6.241247580653852e-05 
5.034122058373197 0.012907499547719858 0.003944138655521145 6.37452170634609e-05 
5.047026473075272 0.01290133191137599 0.004015188849584505 6.644706840438232e-05 
5.05992472219595 0.012895109918112269 0.004029683960339975 6.334688623193456e-05 
5.0728166929114975 0.012888743961775084 0.004120093225385119 6.375481080508831e-05 
5.085702210119499 0.011761883251690364 0.004067936229136866 6.758122186339539e-05 
5.096340459414878 0.007113311467992212 0.003982509942384995 6.992307384355649e-05 
5.099928833055484 0.0027432773672444455 0.004023913877749041 6.97115049495059e-05 
5.101827014149365 0.006549125791281973 0.00417959703895919 6.932602350748308e-05 
5.113027084638049 0.011852300113864622 0.004236400236290039 6.692038815798217e-05 
5.125531614377095 0.012504529739045367 0.004107362070643323 6.604859954047592e-05 
5.138036144116139 0.01250452973904359 0.004043547009633036 6.796356116032512e-05 
5.1505406738551835 0.012504529739045367 0.004130979357783364 6.78661812428746e-05 
