2.876964294516957 0.013514867713603884 0.00455277087593412 2.909987472361995e-05 
2.890479162230561 0.013513753764420322 0.004633197834661272 2.813790945475157e-05 
2.9039918020457973 0.013511561540654249 0.004627630277541852 2.7411885815627005e-05 
2.9175022853118695 0.013509439634317388 0.004556334828784826 2.670666606033333e-05 
2.931010681314433 0.013507285035559313 0.004513071891833196 2.6892615546889443e-05 
2.944516855382988 0.01350502806298337 0.0045059700481454405 2.593729461493311e-05 
2.958020737440399 0.01350271075716769 0.004506490230648155 2.559992067498631e-05 
2.9715222768973235 0.013500416297764772 0.004456446594790086 2.535861322918836e-05 
2.985021570035929 0.013498179134803223 0.004480225452447384 2.5170450483003488e-05 
2.9985186351669304 0.013495881701553358 0.004415518390792333 2.54366136704936e-05 
3.0120133334390347 0.013493554716403011 0.004426659189698079 2.5181943515388318e-05 
3.0255057445997373 0.013491224787812062 0.004369200537955253 2.5257637370994517e-05 
3.0389957830146583 0.013488887570670904 0.0044176394623022175 2.5557002571108653e-05 
3.052483519741079 0.013486539831471411 0.004445218649626725 2.567834192900746e-05 
3.065968862677601 0.013484144317038815 0.004357617115427602 2.5868145986772377e-05 
3.079451808375157 0.013481741711485196 0.0042255148889387365 2.6246993449784038e-05 
3.092932346100571 0.013479321499677344 0.004283321333402597 2.6610141145503794e-05 
3.1064104513745114 0.013476889923217605 0.004241915546900017 2.65790297255666e-05 
3.119886125947007 0.013474460308411373 0.0042391164325523215 2.6495496978811704e-05 
3.133359371991334 0.013472003979390745 0.004243566234110352 2.6305161956380113e-05 
3.1468301339057883 0.01346950861726226 0.0042164324941569705 2.615541967680761e-05 
3.1602983892258587 0.013467015327864207 0.00414115874698405 2.5980819833369912e-05 
3.1737641645615167 0.013464514944796058 0.004222201947187058 2.580336206483599e-05 
3.187227419115451 0.01346198671050347 0.004219353450304242 2.5530368533494535e-05 
3.200688137982523 0.013459476667327941 0.004312332031920605 2.5352932492503953e-05 
3.2141463724501067 0.013456950218456942 0.004226725296280482 2.5695545120206648e-05 
3.2276020384194375 0.01345437527960991 0.004217503834140502 2.5778057134863402e-05 
3.241055123009326 0.013451791084678533 0.00418660165369914 2.540436976320351e-05 
3.2545056205887946 0.01344917970410453 0.004116887712597101 2.5360028764616832e-05 
3.2679534824175356 0.013446544726618104 0.004179852297498595 2.54331487639565e-05 
3.2813987100420308 0.01344390395488837 0.004099827812538298 2.5509461737087532e-05 
3.2948412903273123 0.013441272107783231 0.00421494699255995 2.5619520921544364e-05 
3.3082812542575972 0.013438640042872319 0.004065032905159637 2.5706689698713377e-05 
3.321718570413057 0.01343592549275563 0.004160749376912392 2.5950594342534593e-05 
3.3351531052431085 0.01343318029909879 0.004115118592177619 2.591561109411743e-05 
3.348584931011254 0.013430492766103086 0.004196675164377088 2.5964602256613508e-05 
3.3620140907753147 0.013427775461328118 0.0041852597770999185 2.6139788871801658e-05 
3.3754404819339108 0.01342497570276624 0.004111268282518567 2.628016917612833e-05 
3.3888640421808467 0.01342225705255462 0.004177139788201863 2.6322387043167345e-05 
3.402284996039021 0.013419513738484934 0.004164711268827802 2.6409343678685263e-05 
3.415703069657816 0.01341668439106991 0.004155982581918238 2.6968485636237506e-05 
3.4291183648211607 0.013413896365624733 0.004110765162083866 2.6704261783080582e-05 
3.4425308623890656 0.013411090178841345 0.004128814416510668 2.6783343787839502e-05 
3.455940545178843 0.0134082252727179 0.004155777926593732 2.6829140498320023e-05 
3.4693473129345014 0.013405359885258594 0.004080724665699793 2.6939718143068098e-05 
3.4827512649493606 0.013402519303891136 0.004118658690331536 2.6999799306326202e-05 
3.496152351542284 0.013399618589619244 0.004081055509131557 2.7139182376015205e-05 
3.509550502128598 0.013396670634492125 0.004056338443660754 2.732446735053369e-05 
3.5229456928112683 0.013393723906029109 0.004053829234488268 2.756327590604641e-05 
3.536337949940657 0.013390848654349696 0.004069952375503592 2.7761963775464763e-05 
3.549727390119968 0.01338792548931167 0.004052253275018403 2.767184480419253e-05 
3.56311380091928 0.01338492137989844 0.004035343011205226 2.780179355838946e-05 
3.5764972328797646 0.013381968553412005 0.00407482326210588 2.801388577486613e-05 
3.5898777380261038 0.01337900331554387 0.0039934670791728355 2.814052434565177e-05 
3.6032552395108532 0.013375947890668982 0.004021937734629824 2.827749141493719e-05 
3.6166296338074417 0.013372841343030739 0.004022087820532396 2.842202990745272e-05 
3.6300009221969143 0.013369772738529573 0.004030577964162096 2.8737885400690617e-05 
3.643369179284501 0.0133667342139967 0.003992936688890607 2.8842571785438644e-05 
3.6567343906249072 0.013363681237259506 0.004002554916371298 2.8882805399835087e-05 
3.67009654175902 0.013360553357553151 0.004048427765916554 2.8985109790634654e-05 
3.6834554973400144 0.013357407930513432 0.004007216784304418 2.9184777667293765e-05 
3.696811357620046 0.013354303269612622 0.003991277617941635 2.9554948755708442e-05 
3.71016410387924 0.05160645463524283 0.004002731489816105 2.9429145435669058e-05 
3.8000242668905315 0.06434411194420786 0.003932303306230067 0.00020589494626697662 
3.8388523277676563 0.02607306421742761 0.00399976681029165 3.093874787933972e-05 
3.8521703953253863 0.0133163989682199 0.003973923982894062 3.129043120717746e-05 
3.865485125704096 0.013313040706378398 0.004020827230069381 3.1750609747642784e-05 
3.878796476738143 0.013309635872054582 0.0040170457084827554 3.158360056939307e-05 
3.8921043974482052 0.013306204343912942 0.00401852892693417 3.181064507147212e-05 
3.905408885425969 0.01330273048453634 0.0039783941133168 3.195829912999112e-05 
3.9187098584172775 0.013299285270822025 0.003954210617212919 3.2099325455854505e-05 
3.9320074559676135 0.013295870796074194 0.003946964953566037 3.2302374978245926e-05 
3.945301600009426 0.013292381492282068 0.003929860087314234 3.2609217502118996e-05 
3.9585922189521776 0.013288924558560122 0.0040647014090005335 3.2848363169230794e-05 
3.9718794491265457 0.013285535702484808 0.004077897663763434 3.2966969665193554e-05 
3.9851632903571477 0.013281944564938364 0.00400224724815422 3.322858771119876e-05 
3.998443338256422 0.013278279279481886 0.004025429239046018 3.355411205167222e-05 
4.011719848916112 0.013274762536788387 0.004028273798255799 3.374187660125129e-05 
4.024992863329999 0.013271151234505396 0.00404425381598479 3.397418985739525e-05 
4.038262151385122 0.013267432373361032 0.004024738091420096 3.420015747136062e-05 
4.051527728076723 0.013263815913457933 0.0040814462306172535 3.443719432735653e-05 
4.064789783212038 0.013260147936907885 0.004039950841992918 3.4874609209306244e-05 
4.078048023950538 0.013256363929366799 0.004071575496436625 3.523958162859212e-05 
4.09130251107077 0.013252661042974623 0.004111627555473996 3.565806362167363e-05 
4.104553346036488 0.013248973225180372 0.0040650016105714965 3.556296150447386e-05 
4.117800457521131 0.013245203609783651 0.003965118411554076 3.566987877187039e-05 
4.131043753256056 0.013241422649744372 0.003978054522477051 3.577334645830256e-05 
4.144283302820619 0.013237648722746798 0.0040970642078888885 3.599820242176523e-05 
4.157519050701549 0.013233811331924805 0.003986281730634134 3.6241889409791754e-05 
4.170750925484468 0.013229860412018013 0.004178530766835531 3.659535904352242e-05 
4.183978771525585 0.013226027440429888 0.004250067261928031 3.673179494008491e-05 
4.197202980365329 0.01322222718271071 0.004411146380277007 3.712015188935901e-05 
4.210423225891005 0.013218179726282031 0.004560831989753669 3.76788817218324e-05 
4.223639339817893 0.01321413172949537 0.004725222366388514 3.734058008165169e-05 
4.236851489349997 0.013210293537269102 0.004714873337202979 3.760550585095708e-05 
4.250059926892431 0.013206359256062505 0.0048070116411172235 3.8000050030713556e-05 
4.263264207862123 0.013202271768265383 0.004893874270954521 3.8142439123341884e-05 
4.2764644704289605 0.01319818570922493 0.005106955382139968 3.8387058279780934e-05 
4.289660579280574 0.013194049791655615 0.005155905102524662 3.8748020460329085e-05 
4.302852570012271 0.013189918718019555 0.005136185117312111 3.9544979794696216e-05 
4.316040416716612 0.013185777255143805 0.005153963103589983 4.006834929094832e-05 
4.3292241245225584 0.013181640260130578 0.005120290826143135 4.014801041248765e-05 
4.342403697236874 0.013177506099854241 0.005160660342498444 4.449614773513519e-05 
4.355579136722268 0.013173331208152561 0.005185270008383839 4.345779844111941e-05 
4.36875035965318 0.013169123925896642 0.005090968562324178 4.138962883090063e-05 
4.38191738457406 0.013164950047116264 0.005119337773520522 4.225875372625982e-05 
4.395080259747411 0.013160562009241872 0.005008521383630983 4.167682601323115e-05 
4.408238508592545 0.013156120870290167 0.004949197416307378 4.303798761349104e-05 
4.421392501487992 0.013151871626927658 0.0049957259549747255 4.248549278682872e-05 
4.434542251846399 0.013147472439498209 0.004958399632049436 4.2312173606530773e-05 
4.447687446366989 0.013143029873480039 0.005000092750734585 4.248345648390189e-05 
4.460828311593359 0.013138596108952072 0.004906076906267414 4.35668567757453e-05 
4.473964638584893 0.013134096494339609 0.004852867813875122 4.578202564635207e-05 
4.487096504582039 0.013129601539872304 0.004858677054067276 4.4351363991270335e-05 
4.500223841664637 0.01312503541582366 0.004834832156252441 4.461674021513812e-05 
4.513346575413687 0.013120513020890456 0.004648070055749628 4.517710756251806e-05 
4.526464867706418 0.01311593217767637 0.0047815432349803 4.621947451983162e-05 
4.5395784397690395 0.013111226010181554 0.004659902528774123 4.601422361348379e-05 
4.552687319726781 0.013106603347393886 0.004578051751227542 4.4825581644147646e-05 
4.565791646463827 0.013101963727637944 0.0045095849207483305 4.689931808258737e-05 
4.578891247182057 0.013097237778701754 0.004489741185263915 4.9577819774908577e-05 
4.591986122021231 0.013092443183002622 0.004418288615374254 4.810108552626098e-05 
4.605076133548061 0.01308764107193916 0.0043151285709000274 4.9408086832377055e-05 
4.618161404165111 0.013082866098645951 0.004398543028663735 4.8259126431769866e-05 
4.631241865745353 0.013078037680079646 0.0043156713120158455 4.827421129825024e-05 
4.64431747952527 0.013073118138583695 0.004502474770272883 4.866316019313311e-05 
4.65738810202252 0.01306814255637967 0.004368970856842839 4.995461106484272e-05 
4.670453764638028 0.013063115446924733 0.00425763760907131 4.923583680600178e-05 
4.683514332916371 0.013058104782315283 0.004446355198903506 4.893596475548682e-05 
4.696569974202658 0.013053155620688095 0.004437792557213939 5.053084894153746e-05 
4.709620644157748 0.0130480569274809 0.004299537150825308 5.218208693464272e-05 
4.722666088057618 0.013042878968806626 0.004389380351294735 5.2569919886227186e-05 
4.735706402095362 0.013037689246552908 0.00442895850722869 5.167429417282824e-05 
4.748741466550724 0.013032489398629998 0.004160699967859187 5.208706565369769e-05 
4.761771380892622 0.013027282021471187 0.0043789697117521675 5.195275486921327e-05 
4.774796030593667 0.013022030092232129 0.004376522314665591 5.260934754551719e-05 
4.787815441077084 0.01301680142276851 0.004325334093736233 5.3597049726955486e-05 
4.800829633439205 0.01301142499780994 0.004289776487198938 5.670302966964913e-05 
4.813838291072705 0.013005948719099436 0.004444338017431227 5.722350882854919e-05 
4.826841530877404 0.013000522817119275 0.004396056855216532 5.797221581380496e-05 
4.839839336706943 0.012995058233499002 0.004389479910874076 5.550826442729613e-05 
4.852831647344402 0.012989540257960286 0.0041860182814245 5.881146047160447e-05 
4.865818417222863 0.012983940857141718 0.004318659818448474 5.641283553858603e-05 
4.878799529058686 0.012978285562289749 0.004467291312628874 5.568254147646113e-05 
4.891774988347443 0.012972652619331448 0.004297139043124145 5.711151605157303e-05 
4.9047448342973485 0.012966995405295556 0.004261239815085698 5.710298880510732e-05 
4.917708979158033 0.012961342369369078 0.004340303165753958 5.7479853020080186e-05 
4.930667519036087 0.0129556119280263 0.004265989461595582 5.747582137615025e-05 
4.9436202030140874 0.012949742260561337 0.004292463181837519 5.8079537558615565e-05 
4.9565670035572085 0.012943881044173544 0.004349461877646462 5.8422031036591067e-05 
4.9695079651024345 0.01293792566599361 0.00418768784392448 5.8959801732899486e-05 
4.982442854889195 0.012931852373402997 0.0041809409919526495 6.198183556850294e-05 
4.995371669849241 0.012925906474145599 0.004314853326157931 6.257165926127649e-05 
5.008294667837487 0.012919902065296363 0.004246946920750026 6.20051831440112e-05 
5.021211473979833 0.012913695267855019 0.004287613832482502 6.248060696442194e-05 
5.034122058373197 0.012907499547719858 0.004173295221840708 6.417033831999863e-05 
5.047026473075272 0.01290133191137599 0.004299550656856978 6.602190523665957e-05 
5.05992472219595 0.012895109918112269 0.004267174433456948 6.337073036454482e-05 
5.0728166929114975 0.012888743961775084 0.004306949394417408 6.390564491564701e-05 
5.085702210119499 0.011761883251690364 0.004287190936509051 6.82151943597734e-05 
5.096340459414878 0.007113311467992212 0.004318101941236729 7.055806899354708e-05 
5.099928833055484 0.0027432773672444455 0.004239212524265664 6.945364629677821e-05 
5.101827014149365 0.006549125791281973 0.0041427697096374765 6.911714623150069e-05 
5.113027084638049 0.011852300113864622 0.004312955076040946 6.675972058367194e-05 
5.125531614377095 0.012504529739045367 0.00425441275535122 6.590505013879442e-05 
5.138036144116139 0.01250452973904359 0.004305056556378891 6.737868484377405e-05 
5.1505406738551835 0.012504529739045367 0.004510257608336508 6.797398364232465e-05 
