2.876964294516957 0.013514867713603884 0.007427892559974843 2.9030952849588848e-05 
2.890479162230561 0.013513753764420322 0.007241945287688039 2.8084148981448086e-05 
2.9039918020457973 0.013511561540654249 0.007649275183936542 2.735011331549353e-05 
2.9175022853118695 0.013509439634317388 0.007029978635451857 2.6595740175548516e-05 
2.931010681314433 0.013507285035559313 0.006902315034490605 2.6648910618640185e-05 
2.944516855382988 0.01350502806298337 0.0069568027329892455 2.5891078621819304e-05 
2.958020737440399 0.01350271075716769 0.006577424960688525 2.5564746320756207e-05 
2.9715222768973235 0.013500416297764772 0.006676273948383314 2.5312696839822445e-05 
2.985021570035929 0.013498179134803223 0.006382458905679475 2.512597765427332e-05 
2.9985186351669304 0.013495881701553358 0.006249388516378299 2.5468476669439652e-05 
3.0120133334390347 0.013493554716403011 0.006157954966394047 2.5156927498049546e-05 
3.0255057445997373 0.013491224787812062 0.00611138464609175 2.5236987835501634e-05 
3.0389957830146583 0.013488887570670904 0.006258514121108725 2.5507123744297495e-05 
3.052483519741079 0.013486539831471411 0.006347471813960927 2.559974242817753e-05 
3.065968862677601 0.013484144317038815 0.005823004432508418 2.583474743912248e-05 
3.079451808375157 0.013481741711485196 0.005724004104847419 2.620958714202643e-05 
3.092932346100571 0.013479321499677344 0.00593243841198373 2.6537889562677297e-05 
3.1064104513745114 0.013476889923217605 0.005753541432692915 2.657072198038193e-05 
3.119886125947007 0.013474460308411373 0.005474409020861003 2.6529013178158966e-05 
3.133359371991334 0.013472003979390745 0.005465791442485095 2.629491273364776e-05 
3.1468301339057883 0.01346950861726226 0.005585461535450982 2.613548143617678e-05 
3.1602983892258587 0.013467015327864207 0.005290406890424936 2.5962834592740945e-05 
3.1737641645615167 0.013464514944796058 0.005327569994887253 2.5782963872471846e-05 
3.187227419115451 0.01346198671050347 0.005083440100270349 2.5522593954143055e-05 
3.200688137982523 0.013459476667327941 0.005720852551883008 2.5324434092642735e-05 
3.2141463724501067 0.013456950218456942 0.005363353590300287 2.5574945362814116e-05 
3.2276020384194375 0.01345437527960991 0.005187969869749237 2.5906671302389517e-05 
3.241055123009326 0.013451791084678533 0.0050888027562045 2.5512143341794142e-05 
3.2545056205887946 0.01344917970410453 0.004935775407140104 2.534758498794296e-05 
3.2679534824175356 0.013446544726618104 0.005038628899051774 2.5420263972532395e-05 
3.2813987100420308 0.01344390395488837 0.004930014023234513 2.549294039481055e-05 
3.2948412903273123 0.013441272107783231 0.005103260210740603 2.5601202593246193e-05 
3.3082812542575972 0.013438640042872319 0.005077555301903619 2.570237119372335e-05 
3.321718570413057 0.01343592549275563 0.004956212439673086 2.596377761491822e-05 
3.3351531052431085 0.01343318029909879 0.00495430433943139 2.5895567846021552e-05 
3.348584931011254 0.013430492766103086 0.005149918751850786 2.5947230592298044e-05 
3.3620140907753147 0.013427775461328118 0.0050638336649832805 2.612613831284861e-05 
3.3754404819339108 0.01342497570276624 0.005062714044275051 2.6256065636269227e-05 
3.3888640421808467 0.01342225705255462 0.005151064869945092 2.630247305943353e-05 
3.402284996039021 0.013419513738484934 0.005176314421715753 2.6378763217092126e-05 
3.415703069657816 0.01341668439106991 0.00506666387326439 2.6762015998636107e-05 
3.4291183648211607 0.013413896365624733 0.004988188246105019 2.661645517848297e-05 
3.4425308623890656 0.013411090178841345 0.00491032342551379 2.6734564973002465e-05 
3.455940545178843 0.0134082252727179 0.004925486723782973 2.6806141710162384e-05 
3.4693473129345014 0.013405359885258594 0.0048138719890947704 2.6926707712674555e-05 
3.4827512649493606 0.013402519303891136 0.00476855592213607 2.6995636057130388e-05 
3.496152351542284 0.013399618589619244 0.004834906356286892 2.712540939189867e-05 
3.509550502128598 0.013396670634492125 0.004688697770841669 2.7312767687468844e-05 
3.5229456928112683 0.013393723906029109 0.004674247466009812 2.7530866258281465e-05 
3.536337949940657 0.013390848654349696 0.004580142468019232 2.777909083037679e-05 
3.549727390119968 0.01338792548931167 0.004594066624133339 2.7678193199253245e-05 
3.56311380091928 0.01338492137989844 0.004526672991354515 2.779378767127236e-05 
3.5764972328797646 0.013381968553412005 0.004513720888971833 2.800531111528331e-05 
3.5898777380261038 0.01337900331554387 0.0044484994356716445 2.8141461793266164e-05 
3.6032552395108532 0.013375947890668982 0.004447973486946904 2.8248084134469795e-05 
3.6166296338074417 0.013372841343030739 0.004390804180724773 2.83955584952598e-05 
3.6300009221969143 0.013369772738529573 0.0044306267229394045 2.870842175975237e-05 
3.643369179284501 0.0133667342139967 0.004347552556994806 2.8830325618127866e-05 
3.6567343906249072 0.013363681237259506 0.004382936764436473 2.8893407995629292e-05 
3.67009654175902 0.013360553357553151 0.004346081140945418 2.8978365793211157e-05 
3.6834554973400144 0.013357407930513432 0.004295305384196133 2.9164303719387284e-05 
3.696811357620046 0.013354303269612622 0.004355033739791938 2.947601044418969e-05 
3.71016410387924 0.05160645463524283 0.0042798058752970295 2.9425677679034864e-05 
3.8000242668905315 0.06434411194420786 0.0043805009920531305 0.0002058526792153062 
3.8388523277676563 0.02607306421742761 0.004321215627707986 3.093260334114858e-05 
3.8521703953253863 0.0133163989682199 0.004170181824033708 3.1266997662226935e-05 
3.865485125704096 0.013313040706378398 0.004218105463220176 3.1707410133733134e-05 
3.878796476738143 0.013309635872054582 0.004223756200584006 3.156451948884053e-05 
3.8921043974482052 0.013306204343912942 0.004264684144722532 3.179292485217561e-05 
3.905408885425969 0.01330273048453634 0.004267029472355391 3.1955902345286505e-05 
3.9187098584172775 0.013299285270822025 0.004155197733048405 3.210234964747147e-05 
3.9320074559676135 0.013295870796074194 0.004252650529756531 3.2296240020393084e-05 
3.945301600009426 0.013292381492282068 0.004274618911931791 3.259535181250694e-05 
3.9585922189521776 0.013288924558560122 0.004349939783025714 3.284307257979727e-05 
3.9718794491265457 0.013285535702484808 0.004459838405215065 3.295466587256508e-05 
3.9851632903571477 0.013281944564938364 0.004557584135180129 3.322377979488671e-05 
3.998443338256422 0.013278279279481886 0.004429218390874411 3.353874468323537e-05 
4.011719848916112 0.013274762536788387 0.004551422159967367 3.3769634387679644e-05 
4.024992863329999 0.013271151234505396 0.004593020397568277 3.398667979378143e-05 
4.038262151385122 0.013267432373361032 0.004538018537500153 3.41918618667789e-05 
4.051527728076723 0.013263815913457933 0.004547185222531629 3.4427484314782764e-05 
4.064789783212038 0.013260147936907885 0.00456783886742901 3.4827632897816285e-05 
4.078048023950538 0.013256363929366799 0.004733351406146701 3.521132021535319e-05 
4.09130251107077 0.013252661042974623 0.004654202145572351 3.556033881153481e-05 
4.104553346036488 0.013248973225180372 0.004565605678493262 3.555220461240468e-05 
4.117800457521131 0.013245203609783651 0.0046403431574356824 3.5696876602446046e-05 
4.131043753256056 0.013241422649744372 0.004612893828003731 3.57680873734658e-05 
4.144283302820619 0.013237648722746798 0.004568424958547255 3.6008810004131326e-05 
4.157519050701549 0.013233811331924805 0.004784990733295295 3.621356108433249e-05 
4.170750925484468 0.013229860412018013 0.005148786027245448 3.650255852525911e-05 
4.183978771525585 0.013226027440429888 0.0058334666900220055 3.666062165239332e-05 
4.197202980365329 0.01322222718271071 0.006447252001576514 3.70387031275615e-05 
4.210423225891005 0.013218179726282031 0.006946857161414978 3.7453785352245715e-05 
4.223639339817893 0.01321413172949537 0.007842296686599512 3.724984690994051e-05 
4.236851489349997 0.013210293537269102 0.008785603087344065 3.748869433083072e-05 
4.250059926892431 0.013206359256062505 0.009314862048171934 3.788652048079152e-05 
4.263264207862123 0.013202271768265383 0.009942868016896688 3.803270506762921e-05 
4.2764644704289605 0.01319818570922493 0.010435877732688656 3.824453992019695e-05 
4.289660579280574 0.013194049791655615 0.010665756667781343 3.8620506741053e-05 
4.302852570012271 0.013189918718019555 0.01066349772700011 3.9625225457608604e-05 
4.316040416716612 0.013185777255143805 0.01095159372017266 4.0066910636226845e-05 
4.3292241245225584 0.013181640260130578 0.010754245192435537 4.017990789738486e-05 
4.342403697236874 0.013177506099854241 0.010866382179439655 4.4089999978397685e-05 
4.355579136722268 0.013173331208152561 0.010746884486722976 4.254179284138814e-05 
4.36875035965318 0.013169123925896642 0.010649998192778558 4.0996865783602056e-05 
4.38191738457406 0.013164950047116264 0.010473716789592658 4.1332531266311654e-05 
4.395080259747411 0.013160562009241872 0.010314230902181115 4.143367484271225e-05 
4.408238508592545 0.013156120870290167 0.010015178000002702 4.3002951874548596e-05 
4.421392501487992 0.013151871626927658 0.00985665769811854 4.219411310969848e-05 
4.434542251846399 0.013147472439498209 0.009586214028339543 4.223128083619517e-05 
4.447687446366989 0.013143029873480039 0.00929638265096804 4.2364034753578057e-05 
4.460828311593359 0.013138596108952072 0.008860280463618118 4.318652035197303e-05 
4.473964638584893 0.013134096494339609 0.008505450931016904 4.500500704306022e-05 
4.487096504582039 0.013129601539872304 0.008352672617698023 4.426372160569618e-05 
4.500223841664637 0.01312503541582366 0.00798691276129042 4.419225721632575e-05 
4.513346575413687 0.013120513020890456 0.007814714704416208 4.5036414539912956e-05 
4.526464867706418 0.01311593217767637 0.007350037931354947 4.725929719413847e-05 
4.5395784397690395 0.013111226010181554 0.0069249109455039645 4.585795654286539e-05 
4.552687319726781 0.013106603347393886 0.006684983723286206 4.4732826970466306e-05 
4.565791646463827 0.013101963727637944 0.00662448496924355 4.6712036715581e-05 
4.578891247182057 0.013097237778701754 0.006582602520303034 4.838068582137595e-05 
4.591986122021231 0.013092443183002622 0.006161407708016644 4.81065973432692e-05 
4.605076133548061 0.01308764107193916 0.005990511522785846 4.855978628452195e-05 
4.618161404165111 0.013082866098645951 0.006019894609721103 4.812625945067637e-05 
4.631241865745353 0.013078037680079646 0.005965798609329642 4.832375139644822e-05 
4.64431747952527 0.013073118138583695 0.006270254943784212 4.8991453249721954e-05 
4.65738810202252 0.01306814255637967 0.006000303128695345 4.936999620795225e-05 
4.670453764638028 0.013063115446924733 0.005783679711687334 4.90891421954093e-05 
4.683514332916371 0.013058104782315283 0.006068311232008018 4.892964644223008e-05 
4.696569974202658 0.013053155620688095 0.005891794410372913 5.13025045250413e-05 
4.709620644157748 0.0130480569274809 0.006279079171968913 5.183021256112495e-05 
4.722666088057618 0.013042878968806626 0.0061063787957459275 5.244266801136046e-05 
4.735706402095362 0.013037689246552908 0.005964492365963737 5.168585361882129e-05 
4.748741466550724 0.013032489398629998 0.0057901889778745365 5.199032006126146e-05 
4.761771380892622 0.013027282021471187 0.006015153326745277 5.186152162887108e-05 
4.774796030593667 0.013022030092232129 0.006075137694693399 5.2483389093245896e-05 
4.787815441077084 0.01301680142276851 0.005998507259645682 5.3397485825509424e-05 
4.800829633439205 0.01301142499780994 0.005369245594982662 5.362003401177704e-05 
4.813838291072705 0.013005948719099436 0.006397319293766123 5.522440962766675e-05 
4.826841530877404 0.013000522817119275 0.0057808409702579805 5.667764611338965e-05 
4.839839336706943 0.012995058233499002 0.006070510512759292 5.548819994568243e-05 
4.852831647344402 0.012989540257960286 0.005695662811992944 5.843814579896148e-05 
4.865818417222863 0.012983940857141718 0.00578940347917334 5.57604483951051e-05 
4.878799529058686 0.012978285562289749 0.0058246548098632184 5.5802375700606434e-05 
4.891774988347443 0.012972652619331448 0.005562698644110648 5.706172955884214e-05 
4.9047448342973485 0.012966995405295556 0.005861490505711276 5.7035494854856404e-05 
4.917708979158033 0.012961342369369078 0.005588367772294909 5.7393457160970833e-05 
4.930667519036087 0.0129556119280263 0.005572047534033623 5.743185446532106e-05 
4.9436202030140874 0.012949742260561337 0.005765734098089523 5.800049498990157e-05 
4.9565670035572085 0.012943881044173544 0.006142071275906328 5.831948029773628e-05 
4.9695079651024345 0.01293792566599361 0.005711235469198895 5.902325275042691e-05 
4.982442854889195 0.012931852373402997 0.005640600802128565 6.171083998696836e-05 
4.995371669849241 0.012925906474145599 0.005520493187028669 6.203097329947983e-05 
5.008294667837487 0.012919902065296363 0.005738035501302817 6.171495070633661e-05 
5.021211473979833 0.012913695267855019 0.0062349646324376725 6.229655896877943e-05 
5.034122058373197 0.012907499547719858 0.0054614084962699445 6.343818629310213e-05 
5.047026473075272 0.01290133191137599 0.005693774109873142 6.57563575928244e-05 
5.05992472219595 0.012895109918112269 0.005444153003325963 6.35460317905945e-05 
5.0728166929114975 0.012888743961775084 0.005621105718932587 6.379160621982098e-05 
5.085702210119499 0.011761883251690364 0.00571998846336529 6.871672142045018e-05 
5.096340459414878 0.007113311467992212 0.005517409724948446 7.058396568946741e-05 
5.099928833055484 0.0027432773672444455 0.005667741224107537 6.978067358071356e-05 
5.101827014149365 0.006549125791281973 0.005861063489185643 6.936721357488835e-05 
5.113027084638049 0.011852300113864622 0.006121807932356244 6.668978563113252e-05 
5.125531614377095 0.012504529739045367 0.005959339219860476 6.599603607528617e-05 
5.138036144116139 0.01250452973904359 0.0060991383530998085 6.772300101996687e-05 
5.1505406738551835 0.012504529739045367 0.0059397770382567504 6.75281621643787e-05 
