2.876964294516957 0.013514867713603884 0.007415546438374223 2.8939874333672407e-05 
2.890479162230561 0.013513753764420322 0.007360277256639859 2.7907616672114722e-05 
2.9039918020457973 0.013511561540654249 0.007735227790121401 2.717062966880562e-05 
2.9175022853118695 0.013509439634317388 0.006903515822418734 2.6412377308046782e-05 
2.931010681314433 0.013507285035559313 0.007035887728238014 2.6627280882203433e-05 
2.944516855382988 0.01350502806298337 0.0069586820609539805 2.5744712582199562e-05 
2.958020737440399 0.01350271075716769 0.006737867307440975 2.5399607894300326e-05 
2.9715222768973235 0.013500416297764772 0.007016588092025922 2.5205233027498387e-05 
2.985021570035929 0.013498179134803223 0.0064541745561915755 2.4986569074313e-05 
2.9985186351669304 0.013495881701553358 0.006493465356456795 2.5163480276172178e-05 
3.0120133334390347 0.013493554716403011 0.006743076568729357 2.4966365885539963e-05 
3.0255057445997373 0.013491224787812062 0.006350907374431671 2.5052868428431336e-05 
3.0389957830146583 0.013488887570670904 0.006286975709607162 2.532538107852686e-05 
3.052483519741079 0.013486539831471411 0.0063389325230936025 2.546064605819729e-05 
3.065968862677601 0.013484144317038815 0.006019561213608108 2.5731982857815054e-05 
3.079451808375157 0.013481741711485196 0.005940800400484055 2.6061443641002258e-05 
3.092932346100571 0.013479321499677344 0.00620631326127177 2.6423393712034953e-05 
3.1064104513745114 0.013476889923217605 0.006006511733918049 2.6422586621518392e-05 
3.119886125947007 0.013474460308411373 0.005763403355855529 2.6336970199527196e-05 
3.133359371991334 0.013472003979390745 0.005706827070193267 2.6164018244319313e-05 
3.1468301339057883 0.01346950861726226 0.005824354115568139 2.5959095421182017e-05 
3.1602983892258587 0.013467015327864207 0.0056344952229923865 2.5802958230144214e-05 
3.1737641645615167 0.013464514944796058 0.005739378616824888 2.5596707321192865e-05 
3.187227419115451 0.01346198671050347 0.005554802747887191 2.5354608145863964e-05 
3.200688137982523 0.013459476667327941 0.005919324197424334 2.5166750907965815e-05 
3.2141463724501067 0.013456950218456942 0.0056457522222876375 2.5599414456715177e-05 
3.2276020384194375 0.01345437527960991 0.005661668919430556 2.5407247212744032e-05 
3.241055123009326 0.013451791084678533 0.005540840906063958 2.5218284481087614e-05 
3.2545056205887946 0.01344917970410453 0.005392130782188063 2.519055394280747e-05 
3.2679534824175356 0.013446544726618104 0.005395074912152844 2.5269977295914075e-05 
3.2813987100420308 0.01344390395488837 0.005368727158775306 2.5342421872131767e-05 
3.2948412903273123 0.013441272107783231 0.00552078748213825 2.542446368179249e-05 
3.3082812542575972 0.013438640042872319 0.005393294321386586 2.554332723930718e-05 
3.321718570413057 0.01343592549275563 0.005325226856024313 2.5821119854823835e-05 
3.3351531052431085 0.01343318029909879 0.00536687255927672 2.5722242934937915e-05 
3.348584931011254 0.013430492766103086 0.005486613666488147 2.578776996609576e-05 
3.3620140907753147 0.013427775461328118 0.005333297074708523 2.59649602554326e-05 
3.3754404819339108 0.01342497570276624 0.005390783606076018 2.6034689990125367e-05 
3.3888640421808467 0.01342225705255462 0.005421941378137583 2.615083141290134e-05 
3.402284996039021 0.013419513738484934 0.005465003402441488 2.6329641628526607e-05 
3.415703069657816 0.01341668439106991 0.005357309380926994 2.722291873788399e-05 
3.4291183648211607 0.013413896365624733 0.005377485366672657 2.649207247481103e-05 
3.4425308623890656 0.013411090178841345 0.00537804202577081 2.6522691483977877e-05 
3.455940545178843 0.0134082252727179 0.005299562481888927 2.665701491438121e-05 
3.4693473129345014 0.013405359885258594 0.005193931822284727 2.6752421949314153e-05 
3.4827512649493606 0.013402519303891136 0.00525123540069612 2.684227382901696e-05 
3.496152351542284 0.013399618589619244 0.005287593482077156 2.695237090160502e-05 
3.509550502128598 0.013396670634492125 0.005094314617046739 2.712812524657208e-05 
3.5229456928112683 0.013393723906029109 0.0051882958774967704 2.7450639742918657e-05 
3.536337949940657 0.013390848654349696 0.005128628901633252 2.7904396486311924e-05 
3.549727390119968 0.01338792548931167 0.005106375766263893 2.7488251905034936e-05 
3.56311380091928 0.01338492137989844 0.005059728019838973 2.760153412440936e-05 
3.5764972328797646 0.013381968553412005 0.0049507626786459095 2.784879911045429e-05 
3.5898777380261038 0.01337900331554387 0.0049653436404590925 2.799238026999025e-05 
3.6032552395108532 0.013375947890668982 0.004963568570939858 2.812544991798681e-05 
3.6166296338074417 0.013372841343030739 0.004962023031422063 2.821341770873931e-05 
3.6300009221969143 0.013369772738529573 0.004892303095025504 2.8507710744833827e-05 
3.643369179284501 0.0133667342139967 0.004902001592224443 2.8592794000614145e-05 
3.6567343906249072 0.013363681237259506 0.00489771068998251 2.8665506194642772e-05 
3.67009654175902 0.013360553357553151 0.004851507704398914 2.8784991257898498e-05 
3.6834554973400144 0.013357407930513432 0.004853657806203081 2.8958030688194413e-05 
3.696811357620046 0.013354303269612622 0.0048367697577680994 2.9244798669756035e-05 
3.71016410387924 0.05160645463524283 0.004833982128668797 2.9231965913782882e-05 
3.8000242668905315 0.06434411194420786 0.004868828241997922 0.00021009602252702636 
3.8388523277676563 0.02607306421742761 0.004870715402647838 3.0734332192714465e-05 
3.8521703953253863 0.0133163989682199 0.004845131228931231 3.105918457746406e-05 
3.865485125704096 0.013313040706378398 0.004847749565947921 3.151267778565363e-05 
3.878796476738143 0.013309635872054582 0.004759174729548658 3.1335937151807576e-05 
3.8921043974482052 0.013306204343912942 0.004932075585607036 3.158012474519013e-05 
3.905408885425969 0.01330273048453634 0.004859248749453957 3.1714024519937365e-05 
3.9187098584172775 0.013299285270822025 0.00479588801401782 3.1891762144851654e-05 
3.9320074559676135 0.013295870796074194 0.0048227644155031165 3.208941344270761e-05 
3.945301600009426 0.013292381492282068 0.004898710956363373 3.2355850889962396e-05 
3.9585922189521776 0.013288924558560122 0.00490277682965358 3.2653617975718694e-05 
3.9718794491265457 0.013285535702484808 0.004826632324406645 3.275661139951158e-05 
3.9851632903571477 0.013281944564938364 0.004965646892764302 3.303266496959256e-05 
3.998443338256422 0.013278279279481886 0.004909630301603525 3.3372143309502325e-05 
4.011719848916112 0.013274762536788387 0.004878092429553996 3.349823794906238e-05 
4.024992863329999 0.013271151234505396 0.004963335942484021 3.372052989289382e-05 
4.038262151385122 0.013267432373361032 0.004913263003188674 3.39573107713611e-05 
4.051527728076723 0.013263815913457933 0.005051033700786977 3.419214136478664e-05 
4.064789783212038 0.013260147936907885 0.004994847590156063 3.4659504868625254e-05 
4.078048023950538 0.013256363929366799 0.005103405968392358 3.50925194996418e-05 
4.09130251107077 0.013252661042974623 0.005052831740167728 3.5464485139394814e-05 
4.104553346036488 0.013248973225180372 0.00511815857598502 3.532994848029746e-05 
4.117800457521131 0.013245203609783651 0.005043123534853054 3.545622189153286e-05 
4.131043753256056 0.013241422649744372 0.005082998174156063 3.550476199572649e-05 
4.144283302820619 0.013237648722746798 0.005089322857897254 3.58152399437328e-05 
4.157519050701549 0.013233811331924805 0.005124205686478572 3.601557446005264e-05 
4.170750925484468 0.013229860412018013 0.0056535128591217385 3.627364238474013e-05 
4.183978771525585 0.013226027440429888 0.005938556834405211 3.646750980679609e-05 
4.197202980365329 0.01322222718271071 0.006511852076203285 3.6867440966076924e-05 
4.210423225891005 0.013218179726282031 0.007184018104737457 3.730971744148513e-05 
4.223639339817893 0.01321413172949537 0.007995609667533446 3.707633629719145e-05 
4.236851489349997 0.013210293537269102 0.008852482495424648 3.730047578514224e-05 
4.250059926892431 0.013206359256062505 0.009186255823144881 3.7781008400142774e-05 
4.263264207862123 0.013202271768265383 0.009788926009320029 3.788282027580759e-05 
4.2764644704289605 0.01319818570922493 0.010470959745984616 3.803261008444483e-05 
4.289660579280574 0.013194049791655615 0.010590619341714192 3.8423274624411876e-05 
4.302852570012271 0.013189918718019555 0.010786239697185495 3.960890945438605e-05 
4.316040416716612 0.013185777255143805 0.010808700418680971 3.9340916153324685e-05 
4.3292241245225584 0.013181640260130578 0.010775759911664625 3.9684984131565765e-05 
4.342403697236874 0.013177506099854241 0.010666956944060162 4.3579818762739964e-05 
4.355579136722268 0.013173331208152561 0.010746370444684187 4.249697991713348e-05 
4.36875035965318 0.013169123925896642 0.010678252494961368 4.1085278976565885e-05 
4.38191738457406 0.013164950047116264 0.01040526519416662 4.329302028248712e-05 
4.395080259747411 0.013160562009241872 0.010361471526244935 4.1517713377162046e-05 
4.408238508592545 0.013156120870290167 0.009864147713157814 4.193900238470164e-05 
4.421392501487992 0.013151871626927658 0.009839275938064971 4.2079638528922236e-05 
4.434542251846399 0.013147472439498209 0.009558156828846608 4.20451008995026e-05 
4.447687446366989 0.013143029873480039 0.009321910793821813 4.250268331644577e-05 
4.460828311593359 0.013138596108952072 0.008907746021952049 4.3778393705570634e-05 
4.473964638584893 0.013134096494339609 0.008613146576158196 4.5352620584510764e-05 
4.487096504582039 0.013129601539872304 0.008270020950990286 4.45700745737281e-05 
4.500223841664637 0.01312503541582366 0.007974797013577388 4.5286929966432095e-05 
4.513346575413687 0.013120513020890456 0.007665663203569713 4.545611152951808e-05 
4.526464867706418 0.01311593217767637 0.007537022947151034 4.713544788882044e-05 
4.5395784397690395 0.013111226010181554 0.007071105917652277 4.5961108461185206e-05 
4.552687319726781 0.013106603347393886 0.0068373897438241 4.460529536103422e-05 
4.565791646463827 0.013101963727637944 0.006759393146565194 4.588004973376107e-05 
4.578891247182057 0.013097237778701754 0.006409905621001198 4.841796230498068e-05 
4.591986122021231 0.013092443183002622 0.006025141275199729 4.796175152386933e-05 
4.605076133548061 0.01308764107193916 0.006173884809175403 4.9354841017806804e-05 
4.618161404165111 0.013082866098645951 0.006178119935126633 4.8752849451595764e-05 
4.631241865745353 0.013078037680079646 0.006041312725158706 4.8581867182189705e-05 
4.64431747952527 0.013073118138583695 0.006243776099595016 4.975337090901778e-05 
4.65738810202252 0.01306814255637967 0.006061607076220695 4.92825527557051e-05 
4.670453764638028 0.013063115446924733 0.005678964600165466 4.882230831612288e-05 
4.683514332916371 0.013058104782315283 0.006210767307961788 4.922346359023303e-05 
4.696569974202658 0.013053155620688095 0.005901510885792957 5.163779757360461e-05 
4.709620644157748 0.0130480569274809 0.006057252868013544 5.281876658138423e-05 
4.722666088057618 0.013042878968806626 0.0061330379239901995 5.335518314843736e-05 
4.735706402095362 0.013037689246552908 0.006152363602552868 5.178920651241029e-05 
4.748741466550724 0.013032489398629998 0.005997943409092493 5.258948006093623e-05 
4.761771380892622 0.013027282021471187 0.0059653524824099 5.247725671998845e-05 
4.774796030593667 0.013022030092232129 0.006276473706339367 5.351589595581336e-05 
4.787815441077084 0.01301680142276851 0.0062454686330174185 5.4227139562294306e-05 
4.800829633439205 0.01301142499780994 0.005981926562252465 5.621043256697271e-05 
4.813838291072705 0.013005948719099436 0.006454775089423026 5.8062398071257e-05 
4.826841530877404 0.013000522817119275 0.0062493249886604995 5.9298411476265354e-05 
4.839839336706943 0.012995058233499002 0.00618911999780152 5.55548319942411e-05 
4.852831647344402 0.012989540257960286 0.006092657314196427 5.9033102802388166e-05 
4.865818417222863 0.012983940857141718 0.005860037529569168 5.608033669856718e-05 
4.878799529058686 0.012978285562289749 0.006075951223846895 5.5558981149172134e-05 
4.891774988347443 0.012972652619331448 0.005726727333770394 5.681499597637983e-05 
4.9047448342973485 0.012966995405295556 0.006257238136034515 5.774850156960577e-05 
4.917708979158033 0.012961342369369078 0.005816843480773893 5.763369663386632e-05 
4.930667519036087 0.0129556119280263 0.005858084529615791 5.7310954687833e-05 
4.9436202030140874 0.012949742260561337 0.006199967323110636 5.797548679746541e-05 
4.9565670035572085 0.012943881044173544 0.006111151718956556 5.841417191521139e-05 
4.9695079651024345 0.01293792566599361 0.0062846406358492875 5.881179050173378e-05 
4.982442854889195 0.012931852373402997 0.005608721305807119 6.20339037405789e-05 
4.995371669849241 0.012925906474145599 0.005708626626672672 6.287442043538117e-05 
5.008294667837487 0.012919902065296363 0.006258998966765902 6.165509980787719e-05 
5.021211473979833 0.012913695267855019 0.006260799081068096 6.231143422213007e-05 
5.034122058373197 0.012907499547719858 0.005768659387381522 6.521802758434305e-05 
5.047026473075272 0.01290133191137599 0.0058572015418464195 6.832083707475739e-05 
5.05992472219595 0.012895109918112269 0.006084232995137798 6.49755370533524e-05 
5.0728166929114975 0.012888743961775084 0.006004571571369599 6.545580042980123e-05 
5.085702210119499 0.011761883251690364 0.0059764807147920625 6.835003252066512e-05 
5.096340459414878 0.007113311467992212 0.00581045369969205 7.259438182046562e-05 
5.099928833055484 0.0027432773672444455 0.0058718947843377205 7.091642360909463e-05 
5.101827014149365 0.006549125791281973 0.006022169228555885 6.979074149352765e-05 
5.113027084638049 0.011852300113864622 0.0063278089047569056 6.692804847560215e-05 
5.125531614377095 0.012504529739045367 0.005974883340840039 6.621283587531887e-05 
5.138036144116139 0.01250452973904359 0.006610221815372861 6.934449325453637e-05 
5.1505406738551835 0.012504529739045367 0.00662640572319148 6.834781388292781e-05 
