2.876964294516957 0.013514867713603884 0.004196745813541854 2.9106374175728567e-05 
2.890479162230561 0.013513753764420322 0.004201799730587661 2.8155680937515152e-05 
2.9039918020457973 0.013511561540654249 0.004176759912910772 2.7438217083729682e-05 
2.9175022853118695 0.013509439634317388 0.004121143460682151 2.6609292360088174e-05 
2.931010681314433 0.013507285035559313 0.004070573781921551 2.6822446967469765e-05 
2.944516855382988 0.01350502806298337 0.0041047433277659594 2.5915959551168518e-05 
2.958020737440399 0.01350271075716769 0.004063825701121015 2.5590740430229875e-05 
2.9715222768973235 0.013500416297764772 0.004108709829803128 2.5352168447261843e-05 
2.985021570035929 0.013498179134803223 0.004082267256705068 2.521817290819222e-05 
2.9985186351669304 0.013495881701553358 0.004073797569381794 2.5474070154894274e-05 
3.0120133334390347 0.013493554716403011 0.004123451177772176 2.519343037684095e-05 
3.0255057445997373 0.013491224787812062 0.0040973700474527495 2.526309109278067e-05 
3.0389957830146583 0.013488887570670904 0.004028158426322494 2.552609645103239e-05 
3.052483519741079 0.013486539831471411 0.004063226308824747 2.5653504876984336e-05 
3.065968862677601 0.013484144317038815 0.00402667187125509 2.5869986340077636e-05 
3.079451808375157 0.013481741711485196 0.004009698922302851 2.625071428239091e-05 
3.092932346100571 0.013479321499677344 0.00415594737873705 2.6613133338570295e-05 
3.1064104513745114 0.013476889923217605 0.0039862730405197415 2.659045389881566e-05 
3.119886125947007 0.013474460308411373 0.004001219867321087 2.6531896034477312e-05 
3.133359371991334 0.013472003979390745 0.003978897250569744 2.631058088620197e-05 
3.1468301339057883 0.01346950861726226 0.003914272892465518 2.6161453834949146e-05 
3.1602983892258587 0.013467015327864207 0.00400658028073561 2.5975350414506905e-05 
3.1737641645615167 0.013464514944796058 0.003989503150589071 2.5823163789091092e-05 
3.187227419115451 0.01346198671050347 0.00402137070600365 2.5540116238614873e-05 
3.200688137982523 0.013459476667327941 0.004028336493588896 2.5367694265056187e-05 
3.2141463724501067 0.013456950218456942 0.004005641175653399 2.5637365221598517e-05 
3.2276020384194375 0.01345437527960991 0.003974410112367557 2.5845789782197748e-05 
3.241055123009326 0.013451791084678533 0.004032587562678181 2.545585762348003e-05 
3.2545056205887946 0.01344917970410453 0.003960207967970133 2.5369110072277133e-05 
3.2679534824175356 0.013446544726618104 0.003986722544800041 2.5440454985721998e-05 
3.2813987100420308 0.01344390395488837 0.00399409892595191 2.5510255317741895e-05 
3.2948412903273123 0.013441272107783231 0.004004803022443163 2.5624163555156954e-05 
3.3082812542575972 0.013438640042872319 0.003952739420263814 2.570816316111999e-05 
3.321718570413057 0.01343592549275563 0.004007802120179877 2.5959232721908046e-05 
3.3351531052431085 0.01343318029909879 0.00392556112429243 2.591773263227912e-05 
3.348584931011254 0.013430492766103086 0.003982967406386406 2.5969892412184154e-05 
3.3620140907753147 0.013427775461328118 0.00392770734740425 2.6160311581818523e-05 
3.3754404819339108 0.01342497570276624 0.003914913577811381 2.6288771645141335e-05 
3.3888640421808467 0.01342225705255462 0.003973291619660811 2.632936856529828e-05 
3.402284996039021 0.013419513738484934 0.003971637657010764 2.642390675711359e-05 
3.415703069657816 0.01341668439106991 0.003955565929676828 2.6946278701378208e-05 
3.4291183648211607 0.013413896365624733 0.0039512843433746805 2.6652510188377176e-05 
3.4425308623890656 0.013411090178841345 0.004015507955315821 2.6808229817164297e-05 
3.455940545178843 0.0134082252727179 0.003974679586229497 2.6819417811900964e-05 
3.4693473129345014 0.013405359885258594 0.003937030615254154 2.695827542901643e-05 
3.4827512649493606 0.013402519303891136 0.003988533806712739 2.700906979590842e-05 
3.496152351542284 0.013399618589619244 0.003969512908971379 2.7141100524781926e-05 
3.509550502128598 0.013396670634492125 0.003958295896370091 2.7314995983508395e-05 
3.5229456928112683 0.013393723906029109 0.003892229041427249 2.7504601544801187e-05 
3.536337949940657 0.013390848654349696 0.003937150277119271 2.775208464365066e-05 
3.549727390119968 0.01338792548931167 0.00395563369211881 2.7676298878920816e-05 
3.56311380091928 0.01338492137989844 0.003986656171466853 2.7804285482863247e-05 
3.5764972328797646 0.013381968553412005 0.003888765262418276 2.8012157973575528e-05 
3.5898777380261038 0.01337900331554387 0.003949531682407513 2.810359206747394e-05 
3.6032552395108532 0.013375947890668982 0.004007489058355013 2.8232424076684837e-05 
3.6166296338074417 0.013372841343030739 0.0038736086252213597 2.8401815807785402e-05 
3.6300009221969143 0.013369772738529573 0.003966907825270526 2.8718547587263807e-05 
3.643369179284501 0.0133667342139967 0.003875264797730914 2.8826662850257997e-05 
3.6567343906249072 0.013363681237259506 0.0039901680903847506 2.8909504157348126e-05 
3.67009654175902 0.013360553357553151 0.003925798980629107 2.9002296488501577e-05 
3.6834554973400144 0.013357407930513432 0.004011006106907107 2.917140596734942e-05 
3.696811357620046 0.013354303269612622 0.0039425136362784986 2.9528982570726506e-05 
3.71016410387924 0.05160645463524283 0.003881629739972591 2.944366292888829e-05 
3.8000242668905315 0.06434411194420786 0.003938235858153326 0.00020603758989260276 
3.8388523277676563 0.02607306421742761 0.0038678389682871885 3.094640244756431e-05 
3.8521703953253863 0.0133163989682199 0.003902979484284681 3.1287604276600255e-05 
3.865485125704096 0.013313040706378398 0.0039057204119430275 3.174701643079367e-05 
3.878796476738143 0.013309635872054582 0.003993272001676582 3.157195295424846e-05 
3.8921043974482052 0.013306204343912942 0.0039621218186001814 3.181903572467344e-05 
3.905408885425969 0.01330273048453634 0.003839945374208841 3.196673928449105e-05 
3.9187098584172775 0.013299285270822025 0.003916086029413589 3.210346983506505e-05 
3.9320074559676135 0.013295870796074194 0.00392745006729422 3.2308030310092e-05 
3.945301600009426 0.013292381492282068 0.003931536563055803 3.2604375945347195e-05 
3.9585922189521776 0.013288924558560122 0.0038895963324747226 3.28477431530288e-05 
3.9718794491265457 0.013285535702484808 0.0038659507656547513 3.297132006676596e-05 
3.9851632903571477 0.013281944564938364 0.003923185720786727 3.322845259503014e-05 
3.998443338256422 0.013278279279481886 0.003940996935439442 3.35416036519327e-05 
4.011719848916112 0.013274762536788387 0.0039339948634818725 3.377662959386938e-05 
4.024992863329999 0.013271151234505396 0.003992721569386761 3.39762424246551e-05 
4.038262151385122 0.013267432373361032 0.003958088363186138 3.420005053260763e-05 
4.051527728076723 0.013263815913457933 0.003986797231771231 3.445091834616578e-05 
4.064789783212038 0.013260147936907885 0.0038849815760993336 3.4836955578113345e-05 
4.078048023950538 0.013256363929366799 0.003945741587855387 3.519537083507236e-05 
4.09130251107077 0.013252661042974623 0.003949920819228366 3.566479797043537e-05 
4.104553346036488 0.013248973225180372 0.003920323191714344 3.555082019152019e-05 
4.117800457521131 0.013245203609783651 0.003910230668163735 3.56521493880033e-05 
4.131043753256056 0.013241422649744372 0.003927915506756211 3.577676646828819e-05 
4.144283302820619 0.013237648722746798 0.003941244470965829 3.604251833714331e-05 
4.157519050701549 0.013233811331924805 0.003930495011718902 3.6241972828044894e-05 
4.170750925484468 0.013229860412018013 0.004044705326487542 3.6579113362186585e-05 
4.183978771525585 0.013226027440429888 0.004117964106043512 3.6724099859925216e-05 
4.197202980365329 0.01322222718271071 0.00407199569557363 3.713411366060496e-05 
4.210423225891005 0.013218179726282031 0.004109210162470633 3.7526075274291337e-05 
4.223639339817893 0.01321413172949537 0.004229658681678987 3.734428426453661e-05 
4.236851489349997 0.013210293537269102 0.004290746649840171 3.760595543947845e-05 
4.250059926892431 0.013206359256062505 0.004257458176902402 3.82112847973101e-05 
4.263264207862123 0.013202271768265383 0.004272071171205923 3.817054621183361e-05 
4.2764644704289605 0.01319818570922493 0.004340208072032696 3.840397075739345e-05 
4.289660579280574 0.013194049791655615 0.004370050443153847 3.876334779875855e-05 
4.302852570012271 0.013189918718019555 0.0043294302483067315 3.9640915556071515e-05 
4.316040416716612 0.013185777255143805 0.004363664427222778 4.008879061580518e-05 
4.3292241245225584 0.013181640260130578 0.00436373490317154 4.0498064181307435e-05 
4.342403697236874 0.013177506099854241 0.004316488007879111 4.460578586180566e-05 
4.355579136722268 0.013173331208152561 0.0042875365211531334 4.285324765401447e-05 
4.36875035965318 0.013169123925896642 0.0043749105807245284 4.14151848921054e-05 
4.38191738457406 0.013164950047116264 0.00434642478817644 4.229149672320775e-05 
4.395080259747411 0.013160562009241872 0.004338661234285741 4.1855303515183443e-05 
4.408238508592545 0.013156120870290167 0.004367894505313655 4.292760575194732e-05 
4.421392501487992 0.013151871626927658 0.004273621035509937 4.2474232164014007e-05 
4.434542251846399 0.013147472439498209 0.004318074077559891 4.23377481369639e-05 
4.447687446366989 0.013143029873480039 0.004319329855179868 4.240457242456826e-05 
4.460828311593359 0.013138596108952072 0.004270467062515063 4.334600013778587e-05 
4.473964638584893 0.013134096494339609 0.0041499933927667335 4.546428073723159e-05 
4.487096504582039 0.013129601539872304 0.004159021228873978 4.440729006266583e-05 
4.500223841664637 0.01312503541582366 0.004251983741650261 4.448629842951586e-05 
4.513346575413687 0.013120513020890456 0.004212138218862925 4.500082722476699e-05 
4.526464867706418 0.01311593217767637 0.004201784670096402 4.737747798840625e-05 
4.5395784397690395 0.013111226010181554 0.004141504057417806 4.58665649267033e-05 
4.552687319726781 0.013106603347393886 0.004145548191146948 4.474156378099569e-05 
4.565791646463827 0.013101963727637944 0.004119974403396294 4.691088867005609e-05 
4.578891247182057 0.013097237778701754 0.004124651024426138 4.929256239377419e-05 
4.591986122021231 0.013092443183002622 0.003956973006675917 4.842340952522443e-05 
4.605076133548061 0.01308764107193916 0.004006478527150711 4.934563534237026e-05 
4.618161404165111 0.013082866098645951 0.004152147614956161 4.840919324609575e-05 
4.631241865745353 0.013078037680079646 0.0040723709585613055 4.832166881615147e-05 
4.64431747952527 0.013073118138583695 0.004102227425308677 4.933969941728919e-05 
4.65738810202252 0.01306814255637967 0.004072251792902122 4.982421887477765e-05 
4.670453764638028 0.013063115446924733 0.004051701646335613 4.93235104434323e-05 
4.683514332916371 0.013058104782315283 0.004087834683877809 4.88828307876681e-05 
4.696569974202658 0.013053155620688095 0.003933551280285719 5.0538055421076294e-05 
4.709620644157748 0.0130480569274809 0.003944999716262815 5.1881707968739175e-05 
4.722666088057618 0.013042878968806626 0.004097877055611272 5.244851347335597e-05 
4.735706402095362 0.013037689246552908 0.004040757281434826 5.162999907012404e-05 
4.748741466550724 0.013032489398629998 0.0041116848356664995 5.1664793019508844e-05 
4.761771380892622 0.013027282021471187 0.004154470074700886 5.1970295176319726e-05 
4.774796030593667 0.013022030092232129 0.004059961566296806 5.2639809969635486e-05 
4.787815441077084 0.01301680142276851 0.004059821423809714 5.377380020791826e-05 
4.800829633439205 0.01301142499780994 0.004126526186207429 5.693989099441602e-05 
4.813838291072705 0.013005948719099436 0.003940010878910962 5.5603521046923424e-05 
4.826841530877404 0.013000522817119275 0.0039194364768570635 5.682229435021519e-05 
4.839839336706943 0.012995058233499002 0.004080520763683669 5.5410306936638974e-05 
4.852831647344402 0.012989540257960286 0.003952658387923354 5.844067295412908e-05 
4.865818417222863 0.012983940857141718 0.003979388383309104 5.60453039258538e-05 
4.878799529058686 0.012978285562289749 0.004089884192642643 5.585238303815189e-05 
4.891774988347443 0.012972652619331448 0.004121728675241869 5.727010998667703e-05 
4.9047448342973485 0.012966995405295556 0.004049487877788119 5.7121847404663405e-05 
4.917708979158033 0.012961342369369078 0.004008197954323489 5.7350889844908124e-05 
4.930667519036087 0.0129556119280263 0.00398556764616567 5.7475294306290074e-05 
4.9436202030140874 0.012949742260561337 0.003993031513229172 5.815635416899532e-05 
4.9565670035572085 0.012943881044173544 0.004004638028780037 5.847725808485678e-05 
4.9695079651024345 0.01293792566599361 0.003964930134025414 5.899404099906323e-05 
4.982442854889195 0.012931852373402997 0.004028714149890523 6.189242738566905e-05 
4.995371669849241 0.012925906474145599 0.00398163862569827 6.230493042641258e-05 
5.008294667837487 0.012919902065296363 0.004051816243209182 6.188002412355577e-05 
5.021211473979833 0.012913695267855019 0.004156821835449947 6.227470735047512e-05 
5.034122058373197 0.012907499547719858 0.004120088083750827 6.371829026533289e-05 
5.047026473075272 0.01290133191137599 0.004120565649927193 6.63228994589245e-05 
5.05992472219595 0.012895109918112269 0.004028176739805099 6.361418027133332e-05 
5.0728166929114975 0.012888743961775084 0.004134675128694561 6.385474076961171e-05 
5.085702210119499 0.011761883251690364 0.0040213264292525055 6.741236721264875e-05 
5.096340459414878 0.007113311467992212 0.003942994026216357 7.054022347219085e-05 
5.099928833055484 0.0027432773672444455 0.004015365565712061 6.967145996049853e-05 
5.101827014149365 0.006549125791281973 0.003919280919775161 6.921756797072096e-05 
5.113027084638049 0.011852300113864622 0.004130860548060831 6.699955121720727e-05 
5.125531614377095 0.012504529739045367 0.003985334116236199 6.621630202503198e-05 
5.138036144116139 0.01250452973904359 0.004028910750421347 6.771530027265125e-05 
5.1505406738551835 0.012504529739045367 0.004027247563097754 6.791965374631823e-05 
