2.876964294516957 0.013514867713603884 0.0072738210620097235 2.9016451054647217e-05 
2.890479162230561 0.013513753764420322 0.007422237018509395 2.805816058227094e-05 
2.9039918020457973 0.013511561540654249 0.007414408962647305 2.743461053917668e-05 
2.9175022853118695 0.013509439634317388 0.0068912599889578464 2.657008015942908e-05 
2.931010681314433 0.013507285035559313 0.006487239512605932 2.680704996958093e-05 
2.944516855382988 0.01350502806298337 0.00674945070955933 2.587556851629675e-05 
2.958020737440399 0.01350271075716769 0.006665232558998366 2.556179970546751e-05 
2.9715222768973235 0.013500416297764772 0.0066571602724248835 2.5319649872277116e-05 
2.985021570035929 0.013498179134803223 0.006546283342318698 2.5137594887205313e-05 
2.9985186351669304 0.013495881701553358 0.00617251210324208 2.5370456629427883e-05 
3.0120133334390347 0.013493554716403011 0.006661253082020746 2.515258651195059e-05 
3.0255057445997373 0.013491224787812062 0.005986376260518394 2.5223824317604473e-05 
3.0389957830146583 0.013488887570670904 0.006068558025977533 2.5473935719282255e-05 
3.052483519741079 0.013486539831471411 0.00628801269264989 2.560456549736523e-05 
3.065968862677601 0.013484144317038815 0.005714568786864698 2.5864142699903677e-05 
3.079451808375157 0.013481741711485196 0.005636039604617095 2.6210599443072862e-05 
3.092932346100571 0.013479321499677344 0.005967215854064721 2.6570477662997583e-05 
3.1064104513745114 0.013476889923217605 0.005526195282471903 2.6572357660984894e-05 
3.119886125947007 0.013474460308411373 0.005601388737232512 2.651060201771502e-05 
3.133359371991334 0.013472003979390745 0.0053639335651856496 2.629338534100553e-05 
3.1468301339057883 0.01346950861726226 0.005488296563708452 2.6131433597798716e-05 
3.1602983892258587 0.013467015327864207 0.005167329423498745 2.596342472245108e-05 
3.1737641645615167 0.013464514944796058 0.005284188239002587 2.5792968770547093e-05 
3.187227419115451 0.01346198671050347 0.004974549663968984 2.552986955842651e-05 
3.200688137982523 0.013459476667327941 0.005569541472992198 2.5341605379644106e-05 
3.2141463724501067 0.013456950218456942 0.005202608334360162 2.5586595235594282e-05 
3.2276020384194375 0.01345437527960991 0.005011028811852324 2.5793073658365986e-05 
3.241055123009326 0.013451791084678533 0.004963069979807763 2.5424594790460956e-05 
3.2545056205887946 0.01344917970410453 0.004618985397901718 2.5356717567161668e-05 
3.2679534824175356 0.013446544726618104 0.004932383771801284 2.5423081733920207e-05 
3.2813987100420308 0.01344390395488837 0.004910232258794774 2.5495318480380864e-05 
3.2948412903273123 0.013441272107783231 0.004886697803941815 2.5607300117513714e-05 
3.3082812542575972 0.013438640042872319 0.00497294975522254 2.5684780533210226e-05 
3.321718570413057 0.01343592549275563 0.005070287291087312 2.5912795468400648e-05 
3.3351531052431085 0.01343318029909879 0.004596724331400591 2.5902808638704368e-05 
3.348584931011254 0.013430492766103086 0.004843544694390949 2.594845670711242e-05 
3.3620140907753147 0.013427775461328118 0.004814227359875555 2.611977157208291e-05 
3.3754404819339108 0.01342497570276624 0.004889854698258339 2.625904524768039e-05 
3.3888640421808467 0.01342225705255462 0.004695346791131963 2.631559811786474e-05 
3.402284996039021 0.013419513738484934 0.004944615558864381 2.638975698357106e-05 
3.415703069657816 0.01341668439106991 0.004867655608068596 2.695935375846896e-05 
3.4291183648211607 0.013413896365624733 0.004682557647810817 2.6641488475784535e-05 
3.4425308623890656 0.013411090178841345 0.004693613295293232 2.6692275559341883e-05 
3.455940545178843 0.0134082252727179 0.004572887012099382 2.6821778836207115e-05 
3.4693473129345014 0.013405359885258594 0.004477771842825547 2.69537037540683e-05 
3.4827512649493606 0.013402519303891136 0.004567608312637771 2.699056497829401e-05 
3.496152351542284 0.013399618589619244 0.004518620467841486 2.7144334625690597e-05 
3.509550502128598 0.013396670634492125 0.004285023553239462 2.7332419686159694e-05 
3.5229456928112683 0.013393723906029109 0.004241328923640914 2.7563835548492398e-05 
3.536337949940657 0.013390848654349696 0.004227649585828561 2.7762653721430788e-05 
3.549727390119968 0.01338792548931167 0.004193060759800174 2.7656953057756318e-05 
3.56311380091928 0.01338492137989844 0.004256755760412576 2.779954776082293e-05 
3.5764972328797646 0.013381968553412005 0.004025286569490014 2.8009817560457158e-05 
3.5898777380261038 0.01337900331554387 0.004002591364871987 2.812736487342896e-05 
3.6032552395108532 0.013375947890668982 0.004069651649780985 2.8237321590249243e-05 
3.6166296338074417 0.013372841343030739 0.004061140910035774 2.8389899959837974e-05 
3.6300009221969143 0.013369772738529573 0.0038806170952759185 2.874998855630788e-05 
3.643369179284501 0.0133667342139967 0.003792340747255825 2.8843215787114605e-05 
3.6567343906249072 0.013363681237259506 0.00394286259525535 2.8897597728819658e-05 
3.67009654175902 0.013360553357553151 0.00393799402034795 2.899537194578285e-05 
3.6834554973400144 0.013357407930513432 0.003870189296128799 2.9176511144567488e-05 
3.696811357620046 0.013354303269612622 0.003725427752912089 2.947705044090716e-05 
3.71016410387924 0.05160645463524283 0.0037674034949660095 2.9460783790512415e-05 
3.8000242668905315 0.06434411194420786 0.003781623099515426 0.00020588213195631933 
3.8388523277676563 0.02607306421742761 0.0035957047329876358 3.0946528455955405e-05 
3.8521703953253863 0.0133163989682199 0.003693494077150262 3.1254383556034606e-05 
3.865485125704096 0.013313040706378398 0.003598674045216774 3.163231234337218e-05 
3.878796476738143 0.013309635872054582 0.003521508610604716 3.1564645890379454e-05 
3.8921043974482052 0.013306204343912942 0.003678218724488133 3.1815534433073804e-05 
3.905408885425969 0.01330273048453634 0.0035657186311994636 3.1970770423674605e-05 
3.9187098584172775 0.013299285270822025 0.003537392017255314 3.211875118535981e-05 
3.9320074559676135 0.013295870796074194 0.0035244882203913103 3.230737757273399e-05 
3.945301600009426 0.013292381492282068 0.003729402956560466 3.262057349934405e-05 
3.9585922189521776 0.013288924558560122 0.004003289602906942 3.2871234136740734e-05 
3.9718794491265457 0.013285535702484808 0.004278902163752695 3.297589066977197e-05 
3.9851632903571477 0.013281944564938364 0.004371884640951248 3.3253578120649844e-05 
3.998443338256422 0.013278279279481886 0.00431178206024279 3.357374168729006e-05 
4.011719848916112 0.013274762536788387 0.004409165381840404 3.3726415527181974e-05 
4.024992863329999 0.013271151234505396 0.004421529290443401 3.39639810455936e-05 
4.038262151385122 0.013267432373361032 0.004439862931153625 3.41878009358364e-05 
4.051527728076723 0.013263815913457933 0.004487954247451194 3.443125965837917e-05 
4.064789783212038 0.013260147936907885 0.0044512401446019905 3.4855127907983905e-05 
4.078048023950538 0.013256363929366799 0.0045182716317550865 3.525777409540061e-05 
4.09130251107077 0.013252661042974623 0.0045366573958180115 3.5596476640800406e-05 
4.104553346036488 0.013248973225180372 0.004451854569551516 3.5478191305524605e-05 
4.117800457521131 0.013245203609783651 0.004464368794243539 3.5671193039837714e-05 
4.131043753256056 0.013241422649744372 0.004449912263818168 3.5758886734611925e-05 
4.144283302820619 0.013237648722746798 0.004434442980615757 3.599114299768233e-05 
4.157519050701549 0.013233811331924805 0.004531829786369334 3.6226172061830714e-05 
4.170750925484468 0.013229860412018013 0.005041008542307503 3.656296993474576e-05 
4.183978771525585 0.013226027440429888 0.00570739338282116 3.66961656407802e-05 
4.197202980365329 0.01322222718271071 0.006478970277388248 3.712265733513344e-05 
4.210423225891005 0.013218179726282031 0.007345210860999226 3.756690229082746e-05 
4.223639339817893 0.01321413172949537 0.007870647336806064 3.727983755446291e-05 
4.236851489349997 0.013210293537269102 0.008421556517520957 3.751747947761938e-05 
4.250059926892431 0.013206359256062505 0.009165622828288374 3.804583740838524e-05 
4.263264207862123 0.013202271768265383 0.0097929477869011 3.80167766700615e-05 
4.2764644704289605 0.01319818570922493 0.01048808251799117 3.825509365384517e-05 
4.289660579280574 0.013194049791655615 0.010631335726816082 3.8573284950477715e-05 
4.302852570012271 0.013189918718019555 0.010764424441685825 3.961648451039585e-05 
4.316040416716612 0.013185777255143805 0.010793976409557307 3.995658290453819e-05 
4.3292241245225584 0.013181640260130578 0.010931518388727524 4.014861511177839e-05 
4.342403697236874 0.013177506099854241 0.01081433474987896 4.449013820153933e-05 
4.355579136722268 0.013173331208152561 0.010585042627035988 4.266718167605502e-05 
4.36875035965318 0.013169123925896642 0.010607168305945665 4.0500722903819076e-05 
4.38191738457406 0.013164950047116264 0.010311289927151279 4.1271406089016545e-05 
4.395080259747411 0.013160562009241872 0.010422961263261258 4.1401580920879345e-05 
4.408238508592545 0.013156120870290167 0.010003564216615341 4.226962869507401e-05 
4.421392501487992 0.013151871626927658 0.00988499473716145 4.22553208169561e-05 
4.434542251846399 0.013147472439498209 0.00949364041517808 4.221683827128748e-05 
4.447687446366989 0.013143029873480039 0.009371032255000595 4.220721844533555e-05 
4.460828311593359 0.013138596108952072 0.008908107218999678 4.2605387373857325e-05 
4.473964638584893 0.013134096494339609 0.008611706254692715 4.5070141531929284e-05 
4.487096504582039 0.013129601539872304 0.00824835874191068 4.434201191124141e-05 
4.500223841664637 0.01312503541582366 0.007978086154704354 4.4301328965832095e-05 
4.513346575413687 0.013120513020890456 0.00781985611915844 4.5099050491789585e-05 
4.526464867706418 0.01311593217767637 0.007508938239011453 4.6565098379741276e-05 
4.5395784397690395 0.013111226010181554 0.006957412861147066 4.586830592255733e-05 
4.552687319726781 0.013106603347393886 0.006985099985418878 4.476450884157613e-05 
4.565791646463827 0.013101963727637944 0.006518923964905915 4.683511529385832e-05 
4.578891247182057 0.013097237778701754 0.006334717498464704 4.953779892829964e-05 
4.591986122021231 0.013092443183002622 0.006083422449257638 4.797175771215453e-05 
4.605076133548061 0.01308764107193916 0.006094837770748568 4.921267273152903e-05 
4.618161404165111 0.013082866098645951 0.006116417409761889 4.8163513821301065e-05 
4.631241865745353 0.013078037680079646 0.006104575885907057 4.8540467302883556e-05 
4.64431747952527 0.013073118138583695 0.006210659071866892 4.977438923741001e-05 
4.65738810202252 0.01306814255637967 0.005835550187451702 4.963136092047977e-05 
4.670453764638028 0.013063115446924733 0.006034254137196746 4.916185585487003e-05 
4.683514332916371 0.013058104782315283 0.005985051851574804 4.889949686340014e-05 
4.696569974202658 0.013053155620688095 0.005774654182498705 5.130929814394302e-05 
4.709620644157748 0.0130480569274809 0.0062310502537650456 5.232474072885657e-05 
4.722666088057618 0.013042878968806626 0.006018384521073698 5.233173922342769e-05 
4.735706402095362 0.013037689246552908 0.0057627442497025175 5.1614514810999864e-05 
4.748741466550724 0.013032489398629998 0.005803780094645059 5.1659060046029436e-05 
4.761771380892622 0.013027282021471187 0.005789021504305403 5.191055534311971e-05 
4.774796030593667 0.013022030092232129 0.006380410465096287 5.260974909541444e-05 
4.787815441077084 0.01301680142276851 0.006135538936854776 5.3216692507378054e-05 
4.800829633439205 0.01301142499780994 0.00581353020329756 5.73401046234761e-05 
4.813838291072705 0.013005948719099436 0.005868670068806409 5.704507491441856e-05 
4.826841530877404 0.013000522817119275 0.0059085689798023065 5.752902624190912e-05 
4.839839336706943 0.012995058233499002 0.0056931585573571555 5.6095533465443116e-05 
4.852831647344402 0.012989540257960286 0.005953720059217008 5.759743962604334e-05 
4.865818417222863 0.012983940857141718 0.005669079618386027 5.596998195039669e-05 
4.878799529058686 0.012978285562289749 0.005937782240195956 5.569596795657253e-05 
4.891774988347443 0.012972652619331448 0.005649623034181631 5.694971517314275e-05 
4.9047448342973485 0.012966995405295556 0.005759128039569641 5.696801755449314e-05 
4.917708979158033 0.012961342369369078 0.005496972882517432 5.7353253581666886e-05 
4.930667519036087 0.0129556119280263 0.005954726695113361 5.740330474545116e-05 
4.9436202030140874 0.012949742260561337 0.00573715063402519 5.8048239578543674e-05 
4.9565670035572085 0.012943881044173544 0.005981654140916325 5.835618549419766e-05 
4.9695079651024345 0.01293792566599361 0.006074228474869908 5.8997807273925995e-05 
4.982442854889195 0.012931852373402997 0.005483952790333873 6.194179028204764e-05 
4.995371669849241 0.012925906474145599 0.005519280687636723 6.247701111265156e-05 
5.008294667837487 0.012919902065296363 0.005851456588734677 6.148932941601958e-05 
5.021211473979833 0.012913695267855019 0.005725410397053508 6.241266242264484e-05 
5.034122058373197 0.012907499547719858 0.005566709481161619 6.371955246855901e-05 
5.047026473075272 0.01290133191137599 0.005453553958516055 6.618472793802594e-05 
5.05992472219595 0.012895109918112269 0.0056520524571456714 6.336216630268524e-05 
5.0728166929114975 0.012888743961775084 0.005552811619230401 6.368085316664291e-05 
5.085702210119499 0.011761883251690364 0.0056128494121580295 6.704343881360199e-05 
5.096340459414878 0.007113311467992212 0.005314164179213104 6.996304800109714e-05 
5.099928833055484 0.0027432773672444455 0.005390070785610468 6.959448702206075e-05 
5.101827014149365 0.006549125791281973 0.005317662573867146 6.917581316105684e-05 
5.113027084638049 0.011852300113864622 0.005936326294382252 6.685414339296719e-05 
5.125531614377095 0.012504529739045367 0.005629306490068708 6.602634149659648e-05 
5.138036144116139 0.01250452973904359 0.006094053383997868 6.752809040028888e-05 
5.1505406738551835 0.012504529739045367 0.00617941769472578 6.781805580153357e-05 
